-0.093374 -0.287304 -11.133038
-0.165200 -0.308852 -10.864887
-0.184354 -0.258574 -10.639832
-0.100556 -0.289698 -10.975020
-0.102951 -0.308852 -11.379641
-0.095768 -0.399832 -10.682928
-0.093374 -0.272939 -10.613496
-0.055067 -0.258574 -11.367670
-0.076614 -0.311246 -11.142614
-0.040701 -0.313640 -10.448297
-0.064643 -0.253785 -10.896012
-0.114922 -0.313640 -11.580753
-0.086191 -0.332794 -10.824186
-0.086191 -0.287304 -10.582372
-0.086191 -0.330400 -11.389217
-0.126893 -0.359130 -11.291056
-0.141258 -0.272939 -10.488997
-0.107739 -0.210690 -10.951078
-0.119710 -0.347159 -11.463438
-0.076614 -0.339977 -11.008539
-0.086191 -0.256180 -10.536881
-0.081403 -0.323217 -11.094730
-0.150835 -0.296881 -11.374852
-0.126893 -0.349553 -10.666168
-0.074220 -0.332794 -10.637438
-0.146046 -0.275333 -11.334151
-0.062249 -0.256180 -11.022904
-0.110133 -0.265756 -10.500969
-0.134075 -0.330400 -10.919954
-0.086191 -0.292093 -11.401189
-0.107739 -0.296881 -10.793061
-0.038307 -0.272939 -10.678140
-0.090980 -0.311246 -11.145009
-0.069432 -0.342371 -11.094730
-0.047884 -0.313640 -10.730812
-0.064643 -0.272939 -10.929531
-0.076614 -0.272939 -11.178528
-0.086191 -0.289698 -10.984597
-0.069432 -0.311246 -10.857705
-0.069432 -0.246603 -11.130644
-0.148441 -0.282516 -11.027693
-0.074220 -0.351948 -10.862494
-0.124498 -0.292093 -10.872070
-0.150835 -0.301669 -11.128249
-0.074220 -0.395043 -10.982203
-0.083797 -0.265756 -10.805033
-0.090980 -0.308852 -10.953473
-0.055067 -0.313640 -11.111490
-0.107739 -0.272939 -10.886436
-0.076614 -0.320823 -10.876859
-0.141258 -0.359130 -10.991780
-0.122104 -0.277727 -10.960655
-0.069432 -0.304064 -10.931925
-0.122104 -0.258574 -10.972627
-0.083797 -0.323217 -11.046846
-0.122104 -0.268151 -10.960655
-0.083797 -0.251391 -10.910378
-0.136469 -0.330400 -10.984597
-0.100556 -0.301669 -11.133038
-0.126893 -0.282516 -10.893618
-0.050278 -0.284910 -10.955867
-0.110133 -0.277727 -11.070788
-0.134075 -0.280122 -10.960655
-0.071826 -0.354342 -11.025299
-0.114922 -0.244209 -10.977415
-0.129287 -0.385466 -11.075577
-0.105345 -0.349553 -10.929531
-0.098162 -0.354342 -10.963050
-0.043096 -0.363919 -10.979809
-0.064643 -0.347159 -10.922348
-0.081403 -0.270545 -10.982203
-0.124498 -0.253785 -10.970232
-0.083797 -0.251391 -11.006145
-0.059855 -0.347159 -10.898406
-0.105345 -0.270545 -10.994174
-0.069432 -0.287304 -10.872070
-0.126893 -0.241814 -10.970232
-0.050278 -0.320823 -10.879252
-0.131681 -0.332794 -10.970232
-0.095768 -0.313640 -10.994174
-0.059855 -0.304064 -11.025299
-0.100556 -0.330400 -10.958261
-0.110133 -0.361524 -11.130644
-0.117316 -0.258574 -10.898406
-0.134075 -0.275333 -10.891224
-0.136469 -0.339977 -11.042058
-0.129287 -0.275333 -10.903194
-0.150835 -0.270545 -10.852917
-0.117316 -0.277727 -10.941502
-0.050278 -0.313640 -10.936713
-0.081403 -0.339977 -10.874464
-0.028730 -0.311246 -10.907983
0.026336 -0.318429 -11.032481
-0.026336 -0.325611 -11.137826
-0.047884 -0.311246 -10.876859
-0.112527 -0.277727 -11.020511
-0.102951 -0.256180 -10.972627
-0.210690 -0.203507 -10.862494
-0.148441 -0.217872 -10.821792
-0.189142 -0.287304 -10.857705
-0.464475 0.550666 8.916007
-0.505177 0.452504 8.932767
-0.507571 0.488417 9.035717
-0.466869 0.445322 8.904037
-0.469264 0.378284 8.899248
-0.507571 0.495600 9.021352
-0.526724 0.407014 8.880095
-0.577003 0.478840 8.930372
-0.543484 0.447716 8.995016
-0.591368 0.474052 8.942344
-0.627281 0.447716 8.951921
-0.553061 0.404620 8.901642
-0.624887 0.452504 8.947132
-0.577003 0.462081 8.937555
-0.648829 0.483629 8.858546
-0.574608 0.478840 8.815451
-0.533907 0.428562 8.882488
-0.502782 0.383072 8.959103
-0.543484 0.450110 8.810662
-0.567426 0.397437 8.932767
-0.514753 0.395043 8.985439
-0.567426 0.433351 8.959103
-0.541090 0.418985 8.954314
-0.550666 0.521936 8.944737
-0.531513 0.476446 8.992621
-0.567426 0.466869 8.997410
-0.548272 0.478840 8.935161
-0.565032 0.476446 8.973468
-0.586579 0.440533 8.911219
-0.543484 0.488417 8.882488
-0.624887 0.433351 8.889671
-0.574608 0.387861 9.002198
-0.524330 0.435745 8.875306
-0.536301 0.407014 8.872911
-0.574608 0.450110 8.853758
-0.560243 0.435745 8.848969
-0.502782 0.435745 8.894460
-0.579397 0.462081 8.870518
-0.574608 0.452504 8.954314
-0.543484 0.395043 8.978256
-0.608127 0.414197 8.875306
-0.543484 0.452504 8.851364
-0.610521 0.414197 8.901642
-0.577003 0.411803 8.832211
-0.543484 0.481235 8.935161
-0.560243 0.493206 8.848969
-0.533907 0.469264 8.760384
-0.526724 0.512359 8.925584
-0.502782 0.404620 8.930372
-0.524330 0.397437 8.944737
-0.560243 0.442927 8.932767
-0.560243 0.418985 8.901642
-0.512359 0.435745 8.896853
-0.555455 0.373495 8.899248
-0.584185 0.452504 8.968679
-0.577003 0.383072 8.865729
-0.553061 0.414197 8.920795
-0.500388 0.447716 8.937555
-0.588974 0.481235 8.925584
-0.553061 0.464475 8.920795
-0.579397 0.500388 8.887277
-0.555455 0.385466 8.925584
-0.577003 0.375890 8.913613
-0.579397 0.409408 8.947132
-0.577003 0.411803 8.932767
-0.433351 0.351948 8.860941
-0.603339 0.407014 8.875306
-0.572214 0.454898 8.942344
-0.512359 0.411803 8.995016
-0.531513 0.442927 8.949526
-0.509965 0.421380 8.920795
-0.617704 0.430956 8.863335
-0.538695 0.421380 8.911219
-0.548272 0.402226 8.925584
-0.648829 0.433351 8.863335
-0.550666 0.725443 7.936779
-0.380678 0.998382 7.350199
-0.718261 0.871489 7.352593
-0.596156 0.644040 8.106767
-0.454898 0.335188 8.580819
-0.847547 0.325611 8.456321
-0.758962 -0.138864 9.097966
-1.702277 -1.106121 9.042900
-1.493982 0.440533 10.503363
-1.752556 1.644817 7.445967
-0.814029 0.924162 8.712500
-0.624887 0.955287 9.490616
-0.433351 0.694318 9.263166
-0.282516 0.476446 8.951921
0.083797 -1.192312 8.858546
-0.062249 -2.018312 9.311050
-1.620875 -3.117251 9.011775
-2.236184 -3.258508 11.173739
-2.197877 -0.148441 9.550470
-1.048660 -0.134075 9.119514
-0.876278 -0.191536 9.526528
-1.036689 0.059855 9.117120
-0.751779 -0.028730 9.167398
-0.811634 0.098162 9.093178
-0.639252 0.304064 8.104373
-0.055067 9.557653 -0.529119
-0.067038 9.509769 -0.521936
-0.100556 9.425972 -0.328006
-0.131681 9.502586 -0.423774
-0.100556 9.670180 -0.452504
-0.081403 9.579201 -0.332794
-0.088585 9.466674 -0.323217
-0.035913 9.610326 -0.251391
-0.081403 9.651027 -0.373495
-0.076614 9.394848 -0.246603
-0.033519 9.538500 -0.392649
-0.114922 9.651027 -0.416591
-0.052672 9.488221 -0.332794
-0.011971 9.490616 -0.438139
-0.079009 9.646238 -0.359130
-0.074220 9.646238 -0.258574
-0.098162 9.576807 -0.308852
-0.071826 9.627085 -0.282516
-0.081403 9.658210 -0.186748
-0.052672 9.509769 -0.193930
-0.086191 9.548077 -0.325611
-0.062249 9.655815 -0.414197
-0.081403 9.572019 -0.354342
-0.069432 9.409213 -0.328006
-0.076614 9.634268 -0.423774
-0.134075 9.607931 -0.399832
-0.040701 9.603143 -0.289698
-0.071826 9.610326 -0.316035
-0.126893 9.703699 -0.191536
-0.090980 9.600749 -0.265756
-0.040701 9.586384 -0.328006
-0.045490 9.555259 -0.447716
-0.117316 9.653421 -0.399832
-0.055067 9.531317 -0.440533
-0.019154 9.466674 -0.438139
-0.047884 9.583989 -0.404620
-0.071826 9.548077 -0.351948
-0.079009 9.560047 -0.256180
-0.043096 9.466674 -0.304064
-0.093374 9.670180 -0.383072
-0.057461 9.543288 -0.265756
-0.076614 9.524135 -0.256180
-0.069432 9.595961 -0.306458
-0.102951 9.583989 -0.323217
-0.102951 9.591172 -0.371101
-0.028730 9.495404 -0.426168
-0.055067 9.545682 -0.361524
-0.040701 9.586384 -0.330400
-0.035913 9.603143 -0.407014
-0.002394 9.488221 -0.313640
-0.033519 9.588778 -0.404620
-0.071826 9.545682 -0.280122
-0.009577 9.564836 -0.368707
-0.035913 9.588778 -0.380678
-0.110133 9.538500 -0.351948
-0.179565 9.545682 -0.299275
-0.313640 9.567230 -0.304064
-0.332794 9.607931 -0.294487
-0.186748 9.512163 -0.328006
-0.090980 9.615114 -0.296881
0.002394 9.641450 -0.282516
0.114922 9.624691 -0.265756
0.198719 9.619903 -0.232238
0.162806 9.658210 -0.191536
-0.014365 9.509769 -0.210690
-0.088585 9.579201 -0.284910
-0.004788 9.588778 -0.184354
-0.014365 9.641450 -0.155623
-0.122104 9.581595 -0.198719
-0.172383 9.548077 -0.023942
-0.122104 9.591172 -0.241814
-0.045490 9.636662 -0.237026
-0.093374 9.569624 -0.205901
-0.016759 9.639056 -0.282516
0.011971 9.552865 -0.205901
-0.100556 9.579201 -0.258574
-0.117316 9.519346 -0.253785
-0.090980 9.481039 -0.215478
-0.057461 9.516952 -0.201113
-0.038307 9.581595 -0.244209
0.026336 9.591172 -0.110133
-0.064643 9.567230 -0.263362
0.011971 9.583989 -0.136469
-0.040701 9.545682 -0.201113
-0.088585 9.557653 -0.146046
-0.026336 9.550470 -0.191536
-0.098162 9.504981 -0.181959
-0.186748 9.528923 -0.105345
-0.105345 9.574412 -0.162806
-0.081403 9.576807 -0.083797
-0.021548 9.576807 0.014365
0.007183 9.619903 0.000000
0.021548 9.610326 -0.090980
0.014365 9.572019 0.083797
-0.007183 9.660604 0.014365
-0.028730 9.591172 -0.004788
-0.076614 9.622296 0.026336
-0.098162 9.555259 -0.033519
-0.007183 9.591172 -0.131681
-0.055067 9.555259 -0.114922
-0.239420 -10.012551 -1.757344
-0.244209 -10.014946 -1.747767
-0.268151 -10.010158 -1.695095
-0.201113 -9.974244 -1.644817
-0.203507 -10.122684 -1.733402
-0.215478 -10.019734 -1.620875
-0.272939 -9.945514 -1.685518
-0.320823 -10.017340 -1.620875
-0.260968 -10.113108 -1.580173
-0.241814 -10.160992 -1.644817
-0.237026 -10.117896 -1.656788
-0.244209 -10.137050 -1.467646
-0.308852 -10.120291 -1.541866
-0.289698 -10.120291 -1.594538
-0.244209 -10.077195 -1.656788
-0.263362 -10.005369 -1.719037
-0.167594 -10.050858 -1.774103
-0.217872 -10.079589 -1.745373
-0.189142 -10.079589 -1.719037
-0.292093 -10.002975 -1.795651
-0.325611 -10.065224 -1.778892
-0.217872 -10.036493 -1.872266
-0.339977 -9.904813 -1.965640
-0.332794 -9.866506 -1.798046
-0.390255 -9.945514 -1.821988
-0.282516 -9.914390 -1.910573
-0.270545 -9.969456 -1.855506
-0.210690 -9.983821 -1.953669
-0.294487 -10.067618 -1.757344
-0.184354 -10.070012 -1.692701
-0.177171 -10.139444 -1.587356
-0.253785 -10.160992 -1.733402
-0.265756 -10.223241 -1.731008
-0.354342 -10.249578 -1.587356
-0.328006 -10.156203 -1.656788
-0.328006 -10.079589 -1.740585
-0.342371 -10.002975 -1.824382
-0.289698 -10.041282 -1.788469
-0.234632 -9.988609 -1.618480
-0.253785 -9.943120 -1.623269
-0.275333 -9.969456 -1.632846
-0.258574 -9.964667 -1.731008
-0.205901 -10.089166 -1.776498
-0.203507 -10.058042 -1.795651
-0.237026 -10.050858 -1.776498
-0.320823 -9.988609 -1.865083
-0.225055 -10.036493 -1.855506
-0.299275 -10.046070 -1.877054
-0.284910 -10.014946 -1.790863
-0.301669 -10.058042 -1.659182
-0.277727 -10.134656 -1.690306
-0.229843 -10.103531 -1.656788
-0.201113 -10.220847 -1.671153
-0.227449 -10.089166 -1.707066
-0.287304 -10.012551 -1.731008
-0.330400 -10.060435 -1.723825
-0.313640 -9.991004 -1.654393
-0.339977 -9.991004 -1.680730
-0.296881 -10.065224 -1.656788
-0.239420 -10.048465 -1.618480
-0.150835 -10.132261 -1.616086
-0.160412 -10.146626 -1.592144
-0.160412 -10.101137 -1.570596
-0.263362 -10.108319 -1.572991
-0.323217 -10.199299 -1.678335
-0.225055 -10.151415 -1.707066
-0.277727 -10.046070 -1.632846
-0.215478 -10.043676 -1.582567
-0.234632 -9.995792 -1.546654
-0.227449 -9.998186 -1.675941
-0.260968 -10.144233 -1.604115
-0.284910 -10.089166 -1.584962
-0.272939 -10.060435 -1.675941
-0.339977 -10.103531 -1.575385
-0.363919 -10.108319 -1.537078
-0.361524 -10.103531 -1.649605
-0.387861 -10.012551 -1.647211
-0.371101 -10.036493 -1.726219
-0.337582 -10.093954 -1.824382
-0.277727 -10.115502 -1.812411
-0.248997 -10.034100 -1.826776
-0.196325 -10.072407 -1.860295
-0.239420 -10.129868 -1.798046
-0.222661 -10.172963 -1.805228
-0.198719 -10.062830 -1.865083
-0.167594 -10.058042 -1.807622
-0.241814 -10.050858 -1.867477
-0.277727 -9.926360 -1.640028
-0.323217 -9.950302 -1.692701
-0.354342 -9.931149 -1.647211
-0.359130 -9.967062 -1.635240
-0.328006 -10.072407 -1.438915
-0.318429 -10.101137 -1.355118
-0.292093 -10.108319 -1.489193
-0.311246 -10.177752 -1.367089
-0.237026 -10.237606 -1.376666
-0.208296 -10.163386 -1.403002
-0.268151 -10.175357 -1.403002
-0.256180 -10.089166 -1.395820
-0.260968 -10.093954 -1.498770
9.785102 -0.272939 -1.824382
9.677363 -0.316035 -1.829170
9.703699 -0.292093 -1.747767
9.713276 -0.265756 -1.685518
9.672575 -0.220267 -1.731008
9.706094 -0.335188 -1.754950
9.610326 -0.277727 -1.740585
9.643845 -0.277727 -1.814805
9.706094 -0.270545 -1.802834
9.713276 -0.282516 -1.769315
9.794679 -0.239420 -1.695095
9.811439 -0.208296 -1.532289
9.794679 -0.323217 -1.405396
9.799467 -0.330400 -1.388637
9.797073 -0.375890 -1.522712
9.739613 -0.354342 -1.450886
9.782708 -0.296881 -1.549049
9.842564 -0.366313 -1.551443
9.806650 -0.359130 -1.496376
9.801862 -0.409408 -1.489193
9.742006 -0.177171 -1.470040
9.698911 -0.064643 -1.520318
9.727641 -0.229843 -1.589750
9.811439 -0.347159 -1.553837
9.770737 -0.337582 -1.745373
9.713276 -0.253785 -1.817199
9.619903 -0.292093 -1.742979
9.615114 -0.284910 -1.814805
9.713276 -0.313640 -1.704672
9.753978 -0.342371 -1.728614
9.799467 -0.392649 -1.470040
9.811439 -0.426168 -1.410185
9.813833 -0.313640 -1.376666
9.789890 -0.268151 -1.472434
9.758766 -0.217872 -1.534683
9.806650 -0.301669 -1.517924
9.703699 -0.217872 -1.630451
9.730036 -0.275333 -1.541866
9.742006 -0.237026 -1.594538
9.655815 -0.275333 -1.510741
9.742006 -0.265756 -1.537078
9.722853 -0.304064 -1.561020
9.739613 -0.294487 -1.565808
9.761160 -0.351948 -1.716643
9.799467 -0.311246 -1.865083
9.758766 -0.373495 -1.750161
9.763555 -0.402226 -1.484405
9.732430 -0.090980 -1.582567
9.706094 -0.169988 -1.690306
9.758766 -0.399832 -1.549049
9.792285 -0.222661 -1.484405
9.792285 -0.138864 -1.484405
9.797073 -0.277727 -1.486799
9.828198 -0.366313 -1.388637
9.792285 -0.308852 -1.426944
9.691729 -0.277727 -1.417367
9.701305 -0.251391 -1.359907
9.698911 -0.351948 -1.393425
9.777920 -0.351948 -1.486799
9.742006 -0.361524 -1.618480
9.782708 -0.241814 -1.659182
9.713276 -0.316035 -1.666364
9.797073 -0.277727 -1.719037
9.804255 -0.263362 -1.678335
9.758766 -0.248997 -1.678335
9.739613 -0.241814 -1.719037
9.749189 -0.361524 -1.563414
9.744401 -0.270545 -1.611298
9.703699 -0.277727 -1.642422
9.761160 -0.325611 -1.630451
9.756371 -0.280122 -1.649605
9.734824 -0.227449 -1.604115
9.799467 -0.225055 -1.558625
9.770737 -0.311246 -1.640028
9.720459 -0.316035 -1.613692
9.701305 -0.320823 -1.726219
9.639056 -0.294487 -1.800440
9.660604 -0.383072 -1.891419
9.641450 -0.320823 -1.879448
9.742006 -0.328006 -1.877054
9.710882 -0.294487 -1.826776
9.734824 -0.354342 -1.900996
9.864111 -0.773327 -1.587356
9.840169 -0.296881 -1.443704
9.789890 0.045490 -1.369483
9.677363 -0.052672 -1.587356
9.758766 -0.045490 -1.877054
9.600749 -0.306458 -1.924938
9.698911 -0.328006 -1.920150
9.706094 -0.289698 -1.912967
9.698911 -0.258574 -1.625663
9.753978 -0.351948 -1.489193
9.832987 -0.246603 -1.283292
9.895236 -0.229843 -1.115698
9.876082 -0.241814 -0.998382
9.854534 -0.311246 -1.043872
9.828198 -0.318429 -1.242591
9.756371 -0.229843 -1.398214
9.708488 -0.280122 -1.493982
9.698911 -0.263362 -1.889025
-9.897630 -0.174777 -1.139640
-9.885659 -0.189142 -1.218649
-9.823410 -0.098162 -1.154005
-9.823410 -0.205901 -1.194707
-9.876082 -0.229843 -1.154005
-9.892841 -0.160412 -1.209072
-9.866506 -0.220267 -1.259350
-9.859323 -0.234632 -1.180341
-9.883265 -0.225055 -1.084573
-9.813833 -0.217872 -1.151611
-9.923966 -0.179565 -1.039083
-9.993398 -0.208296 -1.063026
-9.854534 -0.179565 -1.101333
-9.835381 -0.203507 -1.144428
-9.904813 -0.189142 -1.084573
-9.955091 -0.177171 -1.094150
-9.926360 -0.181959 -1.137246
-9.883265 -0.222661 -1.122881
-9.895236 -0.136469 -1.142034
-9.856929 -0.134075 -1.187524
-9.885659 -0.169988 -1.120486
-9.909601 -0.138864 -1.139640
-9.847352 -0.198719 -1.149217
-9.852140 -0.088585 -1.343147
-9.782708 -0.165200 -1.173159
-9.825804 -0.119710 -1.333570
-9.825804 -0.229843 -1.197101
-9.856929 -0.177171 -1.204283
-9.885659 -0.258574 -1.249773
-9.864111 -0.196325 -1.261744
-9.825804 -0.165200 -1.240196
-9.842564 -0.229843 -1.067814
-9.794679 -0.227449 -1.204283
-9.897630 -0.131681 -1.230620
-9.897630 -0.112527 -1.216254
-9.904813 -0.122104 -1.194707
-9.842564 -0.119710 -1.177947
-9.825804 -0.117316 -1.127669
-9.950302 -0.131681 -1.151611
-9.971850 -0.198719 -1.115698
-9.959879 -0.225055 -1.053449
-9.895236 -0.225055 -1.072602
-9.864111 -0.227449 -1.189918
-9.861717 -0.181959 -1.098939
-9.885659 -0.179565 -1.127669
-9.916783 -0.179565 -1.146823
-9.811439 -0.148441 -1.154005
-9.861717 -0.177171 -1.192312
-9.818622 -0.205901 -1.149217
-9.921572 -0.215478 -1.177947
-9.852140 -0.215478 -1.146823
-9.847352 -0.181959 -1.101333
-9.861717 -0.150835 -1.161188
-9.876082 -0.213084 -1.185130
-9.832987 -0.162806 -1.197101
-9.847352 -0.198719 -1.189918
-9.856929 -0.079009 -1.192312
-9.950302 -0.117316 -1.139640
-9.823410 -0.136469 -1.252167
-9.849746 -0.146046 -1.211466
-9.962274 -0.150835 -1.218649
-9.866506 -0.220267 -1.156399
-9.890448 -0.172383 -1.168370
-9.806650 -0.287304 -1.278504
-9.806650 -0.287304 -1.273715
-9.823410 -0.172383 -1.357512
-9.799467 -0.268151 -1.249773
-9.844957 -0.265756 -1.323994
-9.828198 -0.134075 -1.283292
-9.787497 -0.043096 -1.319205
-9.809045 0.000000 -1.307234
-9.852140 -0.105345 -1.297657
-9.849746 -0.158017 -1.355118
-9.859323 -0.112527 -1.211466
-9.892841 -0.134075 -1.233014
-9.888053 -0.138864 -1.151611
-9.871294 -0.150835 -1.168370
-9.885659 -0.177171 -1.213860
-9.844957 -0.275333 -1.086968
-9.828198 -0.349553 -1.197101
-9.825804 -0.191536 -1.230620
-9.818622 -0.191536 -1.173159
-9.797073 -0.217872 -1.149217
-9.799467 -0.196325 -1.201889
-9.823410 -0.181959 -1.288081
-9.797073 -0.208296 -1.151611
-9.897630 -0.225055 -1.151611
-9.914390 -0.114922 -1.130063
-9.950302 -0.158017 -1.048660
-9.928755 -0.064643 -1.072602
-9.964667 -0.227449 -1.060631
-9.959879 -0.129287 -1.134852
-10.007763 -0.129287 -1.096544
-9.914390 -0.174777 -1.086968
-9.888053 -0.198719 -1.055843
-9.864111 -0.260968 -1.132457
-9.878476 -0.260968 -1.106121
-9.895236 -0.217872 -1.149217
-9.835381 -0.174777 -1.189918
-9.804255 -0.227449 -1.173159
