-0.244720 -0.032640 0.208000
-0.240080 -0.031280 0.211200
-0.237360 -0.029840 0.214640
-0.233680 -0.028080 0.218320
-0.230480 -0.023520 0.223600
-0.224960 -0.021040 0.226720
-0.221280 -0.020640 0.228640
-0.218080 -0.018560 0.232000
-0.215120 -0.017280 0.233440
-0.212560 -0.016240 0.234240
-0.211600 -0.016640 0.234880
-0.210320 -0.015760 0.236800
-0.210000 -0.015120 0.237520
-0.209120 -0.014800 0.238480
-0.206400 -0.012880 0.240080
-0.205280 -0.010960 0.241360
-0.202960 -0.010080 0.243040
-0.199040 -0.008880 0.244800
-0.194400 -0.008080 0.248960
-0.191760 -0.007520 0.250480
-0.188640 -0.006880 0.252080
-0.185760 -0.005040 0.253840
-0.182640 -0.003920 0.255760
-0.182880 -0.004000 0.254880
-0.185120 -0.005200 0.254480
-0.185440 -0.005760 0.253600
-0.186480 -0.005200 0.254160
-0.186800 -0.003200 0.252400
-0.187120 -0.002800 0.252160
-0.186320 -0.001440 0.251680
-0.184480 0.002000 0.252720
-0.180800 0.006960 0.252640
-0.173760 0.014560 0.253200
-0.168400 0.022000 0.253680
-0.162640 0.032320 0.253680
-0.156720 0.044400 0.251040
-0.148320 0.070160 0.241040
-0.144480 0.087040 0.231760
-0.144000 0.102720 0.220240
-0.146000 0.117360 0.204320
-0.150880 0.130800 0.188160
-0.165600 0.138960 0.162720
-0.182480 0.136320 0.148560
-0.200640 0.131440 0.130960
-0.215200 0.129760 0.106560
-0.231440 0.130880 0.062960
-0.237600 0.129440 0.032560
-0.244240 0.124400 0.002000
-0.248960 0.115040 -0.026240
-0.250640 0.104160 -0.052080
-0.249520 0.088240 -0.086080
-0.248320 0.077920 -0.103120
-0.245680 0.068800 -0.118080
-0.239520 0.061600 -0.131760
-0.232160 0.050800 -0.150320
-0.226720 0.044240 -0.160160
-0.220160 0.035520 -0.170640
-0.218640 0.024240 -0.176560
-0.222320 0.012240 -0.175920
-0.228320 -0.005360 -0.174080
-0.232800 -0.015760 -0.169920
-0.239280 -0.028400 -0.166320
-0.244080 -0.040800 -0.162000
-0.248000 -0.053600 -0.156960
-0.256320 -0.071600 -0.147840
-0.262800 -0.081920 -0.137280
-0.269840 -0.091760 -0.125360
-0.276160 -0.102880 -0.112720
-0.285840 -0.126400 -0.089600
-0.291200 -0.141440 -0.068800
-0.296320 -0.156160 -0.046320
-0.298960 -0.170320 -0.023280
-0.299520 -0.180400 0.002160
-0.296000 -0.195600 0.040160
-0.288480 -0.207120 0.067840
-0.276800 -0.218000 0.096400
-0.262640 -0.224560 0.125920
-0.237440 -0.223680 0.169840
-0.218880 -0.218880 0.195680
-0.199120 -0.212080 0.218080
-0.178320 -0.204000 0.237840
-0.155440 -0.193600 0.256000
-0.120960 -0.169440 0.279680
-0.099440 -0.152480 0.291280
-0.079680 -0.131760 0.301120
-0.064000 -0.110000 0.307760
-0.047520 -0.091040 0.311760
-0.027520 -0.052080 0.315040
-0.019840 -0.023280 0.313360
-0.015040 0.001760 0.310640
-0.015280 0.024160 0.305680
-0.018960 0.057360 0.294160
-0.021280 0.080800 0.284160
-0.026480 0.102720 0.271600
-0.037120 0.118000 0.259040
-0.054000 0.130000 0.246800
-0.083680 0.144320 0.224720
-0.106080 0.149520 0.206640
-0.129680 0.152720 0.188080
-0.153840 0.149680 0.170880
-0.188640 0.139760 0.144480
-0.212480 0.129120 0.126320
-0.238640 0.112720 0.102800
-0.260560 0.095600 0.075680
-0.277120 0.079200 0.051040
-0.294400 0.052240 0.024320
-0.303680 0.034560 0.004400
-0.312000 -0.029200 -0.058960
-0.309360 -0.048480 -0.073680
-0.307360 -0.068720 -0.080480
-0.306400 -0.090400 -0.082560
-0.302720 -0.112080 -0.084400
-0.295440 -0.147520 -0.082160
-0.290400 -0.166800 -0.078880
-0.282720 -0.185600 -0.076720
-0.273280 -0.203600 -0.073920
-0.266240 -0.218320 -0.070000
-0.255840 -0.238960 -0.062800
-0.246720 -0.250800 -0.058800
-0.237440 -0.263360 -0.053440
-0.230960 -0.273760 -0.045760
-0.222720 -0.287040 -0.034240
-0.217760 -0.294080 -0.026080
-0.212480 -0.300400 -0.016080
-0.209200 -0.305520 -0.005120
-0.204480 -0.311280 0.018720
-0.200560 -0.314800 0.035600
-0.194160 -0.318240 0.046640
-0.180320 -0.324320 0.059280
-0.160480 -0.330240 0.070160
-0.146000 -0.332960 0.084400
-0.139440 -0.332880 0.094800
-0.137120 -0.330320 0.108240
-0.133520 -0.327440 0.118480
-0.129280 -0.324800 0.128480
-0.122320 -0.319200 0.142960
-0.118320 -0.317680 0.150160
-0.116160 -0.314640 0.155280
-0.112960 -0.312960 0.160800
-0.105920 -0.307920 0.172160
-0.096160 -0.299760 0.187200
-0.089520 -0.294080 0.196160
-0.087680 -0.285280 0.207920
-0.088240 -0.271280 0.224000
-0.089440 -0.258080 0.236240
-0.089040 -0.252160 0.242400
-0.087840 -0.243600 0.249920
-0.088480 -0.232320 0.258880
-0.099200 -0.215680 0.268480
-0.110400 -0.208960 0.270800
-0.117360 -0.199840 0.274240
-0.116400 -0.189520 0.280880
-0.117040 -0.177360 0.285120
-0.122080 -0.155840 0.292480
-0.126000 -0.140720 0.296720
-0.128160 -0.126960 0.299760
-0.133440 -0.106880 0.301200
-0.145440 -0.080240 0.299680
-0.158560 -0.052320 0.294160
-0.167360 -0.035840 0.289280
-0.179280 -0.022480 0.280320
-0.193760 -0.010240 0.269680
-0.220320 0.009040 0.244480
-0.241600 0.020880 0.219600
-0.258800 0.030560 0.194480
-0.272640 0.036320 0.170320
-0.284320 0.039040 0.148400
-0.298720 0.036800 0.117600
-0.308160 0.033760 0.094320
-0.314480 0.030240 0.069200
-0.318720 0.028800 0.048400
-0.319600 0.030480 0.020640
-0.317360 0.035840 0.008880
-0.314320 0.040640 0.005840
-0.312240 0.046160 0.005920
-0.310720 0.049840 0.012080
-0.308880 0.054320 0.029920
-0.307440 0.056480 0.049040
-0.303120 0.057920 0.069120
-0.296560 0.063920 0.091280
-0.278480 0.078000 0.121360
-0.263600 0.088080 0.140960
-0.244480 0.102160 0.155760
-0.224320 0.116000 0.168320
-0.202160 0.129840 0.181280
-0.166320 0.145120 0.198320
-0.144720 0.151520 0.208640
-0.120080 0.155600 0.220960
-0.089120 0.159920 0.231760
-0.059200 0.162960 0.238160
-0.019440 0.171520 0.238400
0.007920 0.177600 0.234320
0.032720 0.181120 0.230160
0.055520 0.179200 0.229360
0.086800 0.176400 0.225920
0.107360 0.176160 0.219280
0.126320 0.175360 0.210960
0.140320 0.176240 0.204080
0.155280 0.176000 0.194400
0.186480 0.178640 0.164400
0.204160 0.182800 0.141200
0.219200 0.185520 0.115360
0.232000 0.184560 0.090560
0.248000 0.179600 0.058160
0.254640 0.178160 0.036080
0.259920 0.174800 0.010560
0.260560 0.170640 -0.016720
0.260240 0.167040 -0.045520
0.247040 0.163200 -0.091200
0.229760 0.167840 -0.113520
0.210080 0.180080 -0.124960
0.194080 0.192080 -0.128480
0.180880 0.201200 -0.126400
0.167680 0.216560 -0.116640
0.159040 0.224000 -0.112640
0.149520 0.229920 -0.110640
0.139840 0.233120 -0.112560
0.123280 0.234160 -0.122880
0.110880 0.233600 -0.129040
0.098960 0.234960 -0.134560
0.088640 0.234800 -0.138800
0.077600 0.234080 -0.143040
0.056240 0.234080 -0.148720
0.043600 0.235520 -0.148960
0.028960 0.234560 -0.149360
0.014720 0.234480 -0.149200
-0.005520 0.230320 -0.150880
-0.025680 0.227120 -0.152160
-0.044000 0.221200 -0.153440
-0.058800 0.216960 -0.154240
-0.072160 0.211040 -0.156800
-0.089360 0.203600 -0.157120
-0.100480 0.201280 -0.153760
-0.112880 0.197200 -0.149040
-0.128960 0.191120 -0.146320
-0.154320 0.178000 -0.143600
-0.160960 0.174480 -0.141040
-0.166960 0.173360 -0.138400
-0.171120 0.170240 -0.136720
-0.175360 0.167200 -0.137760
-0.182320 0.160400 -0.137680
-0.190080 0.156240 -0.135120
-0.194880 0.154800 -0.131360
-0.197120 0.154400 -0.130160
-0.196880 0.154400 -0.130000
-0.195760 0.157280 -0.132560
-0.193040 0.157440 -0.133360
-0.189920 0.159120 -0.135680
-0.184560 0.160400 -0.139680
-0.173440 0.163280 -0.147440
-0.162800 0.167920 -0.152560
-0.149840 0.175360 -0.155040
-0.132560 0.183760 -0.157520
-0.104000 0.198640 -0.159440
-0.091360 0.202720 -0.160640
-0.071040 0.208320 -0.164640
-0.045920 0.214000 -0.166320
-0.019360 0.216240 -0.171440
0.015440 0.213200 -0.177840
0.044080 0.211840 -0.179600
0.068880 0.208560 -0.180000
0.087360 0.203760 -0.181760
0.111920 0.197600 -0.180800
0.163680 0.185040 -0.165120
0.207360 0.165360 -0.148240
0.247280 0.132640 -0.130240
0.278000 0.095680 -0.104960
0.301040 0.063360 -0.069680
0.318080 0.022720 -0.009040
0.318080 -0.012720 0.018240
0.312800 -0.045360 0.037840
0.305280 -0.067600 0.058320
0.291120 -0.095280 0.090240
0.278080 -0.112000 0.109680
0.262240 -0.124880 0.135120
0.244720 -0.138000 0.157680
0.223120 -0.157760 0.172080
0.189920 -0.187360 0.188960
0.165440 -0.196960 0.204800
0.138320 -0.205360 0.222720
0.110000 -0.212800 0.236560
0.067200 -0.221760 0.251520
0.043680 -0.224800 0.259840
0.016320 -0.224320 0.268160
-0.007040 -0.223920 0.273200
-0.028320 -0.219920 0.278640
-0.060320 -0.212240 0.284240
-0.082960 -0.207120 0.285600
-0.100640 -0.201040 0.287120
-0.117840 -0.197680 0.285120
-0.140480 -0.194000 0.279840
-0.152160 -0.188480 0.278960
-0.162240 -0.187120 0.275680
-0.167280 -0.187040 0.275040
-0.171440 -0.186160 0.272800
-0.184880 -0.187600 0.266560
-0.196240 -0.186240 0.260000
-0.205440 -0.182560 0.255840
-0.212240 -0.176800 0.254640
-0.217440 -0.168560 0.255200
-0.223600 -0.153280 0.255440
-0.227440 -0.143040 0.255040
-0.232800 -0.133200 0.253680
-0.237680 -0.120720 0.251440
-0.243200 -0.097440 0.250720
-0.245680 -0.081920 0.250320
-0.247360 -0.069120 0.247360
-0.249040 -0.053600 0.245280
-0.247200 -0.040880 0.245200
-0.239520 -0.026880 0.249280
-0.232720 -0.019600 0.253520
-0.225680 -0.012480 0.257840
-0.220240 -0.004160 0.260000
-0.212400 0.007920 0.262080
-0.208000 0.012800 0.263040
-0.202640 0.012960 0.267680
-0.196240 0.013120 0.272480
-0.193440 0.014000 0.273360
-0.188080 0.016480 0.276000
-0.183520 0.018960 0.278720
-0.182160 0.020160 0.278400
-0.182720 0.020320 0.278720
-0.186480 0.017280 0.277040
-0.193840 0.016480 0.274000
-0.201840 0.018960 0.266560
-0.209360 0.021920 0.260320
-0.220000 0.025440 0.249920
-0.238160 0.027680 0.233520
-0.245440 0.024800 0.227680
-0.253920 0.022000 0.220240
-0.262960 0.017760 0.211760
-0.270960 0.015920 0.203600
-0.285120 0.017280 0.181680
-0.294640 0.014640 0.167760
-0.304160 0.010560 0.154960
-0.312960 0.006080 0.139760
-0.324720 -0.000720 0.116240
-0.331520 -0.008640 0.100960
-0.336720 -0.017600 0.088880
-0.342480 -0.029920 0.072240
-0.345680 -0.039040 0.058080
-0.348160 -0.050480 0.049200
-0.348960 -0.059280 0.042000
-0.349920 -0.071120 0.032480
-0.349840 -0.082400 0.027920
-0.348720 -0.092720 -0.002480
-0.344560 -0.103840 -0.023360
-0.340800 -0.121680 -0.035760
-0.335600 -0.139600 -0.042800
-0.331760 -0.151840 -0.048160
-0.326160 -0.162640 -0.052880
-0.323920 -0.169120 -0.055600
-0.321920 -0.172320 -0.057920
-0.321200 -0.175360 -0.055280
-0.325280 -0.179680 -0.040640
-0.325680 -0.187360 -0.026480
-0.326720 -0.192160 -0.016240
-0.325600 -0.196400 -0.010320
-0.323680 -0.202640 -0.006400
-0.320240 -0.209120 -0.002480
-0.318400 -0.216560 0.010400
-0.316480 -0.221120 0.019040
-0.316000 -0.222000 0.024560
-0.316320 -0.220960 0.028240
-0.318640 -0.217280 0.036240
-0.318960 -0.214880 0.050640
-0.317280 -0.211840 0.070720
-0.315280 -0.208960 0.093680
-0.315120 -0.194240 0.119840
-0.316480 -0.179120 0.132160
-0.315360 -0.167920 0.145680
-0.312560 -0.159360 0.156800
-0.310000 -0.151840 0.164480
-0.308400 -0.137840 0.174720
-0.305200 -0.125280 0.184160
-0.300560 -0.111200 0.193680
-0.295840 -0.096160 0.200560
-0.295600 -0.069840 0.203520
-0.297760 -0.049440 0.197040
-0.302320 -0.028800 0.184640
-0.304320 -0.008080 0.173120
-0.299920 0.009360 0.169520
-0.288720 0.033120 0.170640
-0.292880 0.044480 0.153360
-0.293360 0.052800 0.143280
-0.292960 0.061680 0.131760
-0.291680 0.075440 0.118560
-0.285600 0.085360 0.114960
-0.280240 0.091680 0.116080
-0.279120 0.093680 0.116400
-0.278880 0.092880 0.116240
-0.276320 0.097280 0.111440
-0.273920 0.101920 0.110720
-0.272560 0.103920 0.109760
-0.271280 0.104240 0.110720
-0.268000 0.110000 0.109040
-0.249760 0.136160 0.100160
-0.220080 0.169440 0.092960
-0.183680 0.203760 0.069280
-0.146480 0.231360 0.028560
-0.085520 0.259840 0.019360
-0.047760 0.270960 0.018320
-0.019600 0.276880 0.016480
-0.005440 0.279200 0.013200
-0.003840 0.278720 0.015520
-0.009360 0.278080 0.018240
-0.014400 0.276720 0.015920
-0.026080 0.273840 0.011120
-0.044640 0.269760 0.011200
-0.060480 0.265840 0.013600
-0.076640 0.260720 0.015520
-0.079680 0.259360 0.014160
-0.076480 0.260480 0.013680
-0.073520 0.260880 0.006720
-0.075040 0.258960 -0.010080
-0.076160 0.255760 -0.023840
-0.077680 0.252400 -0.038720
-0.078560 0.249360 -0.052880
-0.072080 0.247200 -0.070320
-0.071920 0.242400 -0.084160
-0.072080 0.235600 -0.100400
-0.073280 0.228240 -0.114800
-0.075120 0.219920 -0.127840
-0.079040 0.207680 -0.145040
-0.082160 0.194160 -0.161120
-0.085680 0.173200 -0.183520
-0.091520 0.149360 -0.203520
-0.096880 0.127760 -0.217200
-0.103840 0.102160 -0.231280
-0.110800 0.082960 -0.238240
-0.118800 0.059760 -0.245360
-0.125040 0.035760 -0.251040
-0.127920 -0.001680 -0.258160
-0.131760 -0.034240 -0.259440
-0.138160 -0.074160 -0.257440
-0.143760 -0.114080 -0.249600
-0.145520 -0.142480 -0.241280
-0.133680 -0.175920 -0.232480
-0.129680 -0.199200 -0.221280
-0.133840 -0.225840 -0.202960
-0.145040 -0.249360 -0.179920
-0.154800 -0.266800 -0.159200
-0.151280 -0.285520 -0.139840
-0.142320 -0.295680 -0.130560
-0.135360 -0.308000 -0.115360
-0.126720 -0.317920 -0.103120
-0.118560 -0.331440 -0.078000
-0.113440 -0.339600 -0.060240
-0.108720 -0.344720 -0.045840
-0.105040 -0.348000 -0.036800
-0.101600 -0.350080 -0.032560
-0.079360 -0.352560 -0.029360
-0.062240 -0.354880 -0.026560
-0.051120 -0.355200 -0.024560
-0.039840 -0.353840 -0.028000
-0.015280 -0.351680 -0.023520
0.002400 -0.350960 -0.013920
0.020640 -0.347120 -0.006320
0.043360 -0.342400 -0.000560
0.068160 -0.333840 0.001520
0.107680 -0.316320 -0.003840
0.134320 -0.300480 -0.008400
0.158240 -0.284240 -0.010720
0.182640 -0.264880 -0.016000
0.213520 -0.230960 -0.030160
0.232960 -0.205200 -0.041920
0.248720 -0.180480 -0.051760
0.259520 -0.160400 -0.058320
0.265840 -0.144240 -0.065360
0.276080 -0.118480 -0.071840
0.284000 -0.095360 -0.072320
0.294640 -0.067680 -0.066240
0.305120 -0.037120 -0.053040
0.310560 0.006960 -0.030480
0.312000 0.033280 -0.013200
0.310320 0.056560 0.009600
0.303360 0.078080 0.036080
0.292720 0.097120 0.066080
0.267600 0.121440 0.109360
0.245680 0.131280 0.140240
0.218240 0.137600 0.170960
0.185280 0.137040 0.200720
0.136960 0.123760 0.241440
0.109920 0.105600 0.263200
0.086240 0.083280 0.281520
0.058160 0.064640 0.296400
0.020960 0.050000 0.305840
-0.026400 0.028080 0.314480
-0.048080 0.007760 0.318320
-0.069440 -0.013120 0.319680
-0.101920 -0.028160 0.315360
-0.137440 -0.040400 0.306960
-0.182960 -0.055440 0.290400
-0.206800 -0.063040 0.278240
-0.229920 -0.066160 0.262960
-0.253280 -0.067280 0.243520
-0.276880 -0.067840 0.205760
-0.302240 -0.066880 0.186960
-0.307520 -0.065680 0.180320
-0.310160 -0.066480 0.177040
-0.311680 -0.069360 0.175440
-0.318400 -0.081040 0.162240
-0.323760 -0.090560 0.149840
-0.327920 -0.094560 0.140080
-0.332480 -0.095200 0.126480
-0.340880 -0.101680 0.097120
-0.343200 -0.103520 0.079680
-0.345680 -0.107200 0.065280
-0.345760 -0.111280 0.056240
-0.345360 -0.115120 0.046640
-0.347200 -0.116640 0.026160
-0.346480 -0.117360 0.018080
-0.346400 -0.118720 0.011040
-0.346080 -0.122720 0.013120
-0.346240 -0.125840 0.019360
-0.346480 -0.121600 0.023120
-0.346880 -0.125040 0.026640
-0.347040 -0.127360 0.028480
-0.348000 -0.123280 0.022400
-0.348800 -0.116480 0.011680
-0.347920 -0.115200 0.002000
-0.346640 -0.117440 -0.008160
-0.344000 -0.121360 -0.021200
-0.338320 -0.133280 -0.039120
-0.321280 -0.163040 -0.064720
-0.307360 -0.188720 -0.072080
-0.289840 -0.216080 -0.072640
-0.267520 -0.240240 -0.082800
-0.216640 -0.273200 -0.102080
-0.174960 -0.290080 -0.115760
-0.130000 -0.302880 -0.122800
-0.082000 -0.312320 -0.123440
-0.033520 -0.308240 -0.133680
0.023680 -0.286800 -0.157200
0.058080 -0.270160 -0.168000
0.087920 -0.249280 -0.180480
0.115520 -0.227040 -0.188000
0.156560 -0.189840 -0.196800
0.181200 -0.166480 -0.194800
0.202640 -0.149840 -0.190320
0.223440 -0.132480 -0.181840
0.241920 -0.117360 -0.169760
0.269920 -0.094800 -0.145520
0.284640 -0.079680 -0.127680
0.296640 -0.065600 -0.110160
0.305920 -0.052160 -0.091120
0.313600 -0.041600 -0.068240
0.319840 -0.033040 -0.037200
0.321120 -0.031040 -0.017280
0.321120 -0.031840 0.005200
0.319280 -0.037280 0.025840
0.316000 -0.044880 0.042640
0.309360 -0.054960 0.070880
0.302160 -0.062320 0.091280
0.294960 -0.067840 0.110480
0.286000 -0.072640 0.126320
0.272800 -0.078720 0.151600
0.262560 -0.075200 0.169440
0.258400 -0.067120 0.179840
0.248480 -0.057040 0.196320
0.238480 -0.055840 0.209920
0.224080 -0.055040 0.226160
0.214240 -0.053760 0.236720
0.204240 -0.050240 0.246000
0.190720 -0.044160 0.258080
0.177440 -0.032240 0.268000
0.171120 -0.020240 0.272960
0.165200 -0.003440 0.276320
0.159760 0.020240 0.276320
0.152640 0.050960 0.274960
0.136320 0.103520 0.262960
0.123520 0.133440 0.251040
0.110720 0.156560 0.238720
0.100080 0.172720 0.229200
0.077120 0.191840 0.217760
0.061760 0.202400 0.206720
0.045840 0.210000 0.199600
0.025840 0.220400 0.186560
0.003840 0.233280 0.166000
-0.026720 0.244400 0.131920
-0.045200 0.248320 0.115040
-0.062080 0.246880 0.103920
-0.079840 0.245280 0.088880
-0.094800 0.243520 0.069840
-0.123600 0.236080 0.042960
-0.137760 0.229360 0.021840
-0.146880 0.223280 0.001200
-0.153600 0.218400 -0.011120
-0.163040 0.211040 -0.024880
-0.167360 0.205200 -0.038240
-0.170960 0.197040 -0.058080
-0.172240 0.192880 -0.067840
-0.173120 0.188240 -0.078400
-0.172000 0.181760 -0.095760
-0.169280 0.168320 -0.120160
-0.171840 0.158640 -0.131280
-0.175120 0.151120 -0.137440
-0.180000 0.146240 -0.138800
-0.187520 0.142560 -0.134160
-0.189040 0.140560 -0.138880
-0.179840 0.140080 -0.148000
-0.166640 0.140800 -0.160800
-0.149520 0.141760 -0.173680
-0.126480 0.143680 -0.188160
-0.085040 0.156000 -0.196560
-0.058240 0.165600 -0.198640
-0.033040 0.175680 -0.195920
-0.009760 0.184320 -0.191680
0.022640 0.191440 -0.188240
0.040160 0.194080 -0.186320
0.056560 0.193760 -0.184800
0.071760 0.194400 -0.182240
0.088320 0.192800 -0.179920
0.123440 0.188320 -0.172960
0.150000 0.180080 -0.166880
0.178640 0.169200 -0.157360
0.205920 0.156320 -0.147360
0.239520 0.135360 -0.127440
0.256000 0.115040 -0.122160
0.268400 0.094480 -0.118480
0.277120 0.076000 -0.114960
0.281920 0.057040 -0.115120
0.284080 0.017280 -0.123040
0.282320 -0.010960 -0.126640
0.278560 -0.040480 -0.127760
0.275200 -0.070320 -0.122320
0.269040 -0.109520 -0.107840
0.265680 -0.130560 -0.094160
0.264880 -0.147680 -0.076000
0.261200 -0.164720 -0.056480
0.253360 -0.184320 -0.040640
0.236320 -0.216480 -0.003520
0.226480 -0.229280 0.029600
0.214560 -0.241520 0.046480
0.194160 -0.260000 0.058880
0.169840 -0.277360 0.076480
0.128160 -0.299520 0.098800
0.094320 -0.314640 0.111840
0.055680 -0.325680 0.127360
0.019200 -0.331840 0.141520
-0.033840 -0.338320 0.148000
-0.059760 -0.338720 0.149840
-0.067920 -0.338720 0.150160
-0.071840 -0.339440 0.148480
-0.074880 -0.341760 0.143440
-0.065520 -0.348640 0.125280
-0.050320 -0.354800 0.103280
-0.028240 -0.359520 0.068320
-0.003360 -0.358640 0.032640
0.048000 -0.342880 -0.011840
0.085280 -0.325520 -0.032160
0.124160 -0.302960 -0.044560
0.157040 -0.273280 -0.068640
0.181600 -0.240800 -0.098640
0.203680 -0.198000 -0.125680
0.213120 -0.174000 -0.138160
0.218240 -0.154720 -0.149600
0.214960 -0.140080 -0.163600
0.206480 -0.122720 -0.182320
0.187280 -0.095840 -0.209600
0.171520 -0.077360 -0.225200
0.156160 -0.059360 -0.237360
0.139680 -0.039440 -0.248960
0.114400 -0.001920 -0.257920
0.099440 0.023040 -0.260080
0.087520 0.048240 -0.258320
0.076560 0.074400 -0.252800
0.066080 0.101840 -0.242400
0.057040 0.144960 -0.218240
0.060880 0.173920 -0.192800
0.071360 0.199440 -0.164000
0.090080 0.217440 -0.134320
0.119200 0.234320 -0.087760
0.140800 0.236800 -0.058400
0.164800 0.232400 -0.031120
0.189360 0.222320 -0.003360
0.211360 0.206560 0.022240
0.242960 0.172560 0.050240
0.260080 0.144960 0.069920
0.272320 0.109920 0.092320
0.277680 0.071680 0.115040
0.278640 0.008560 0.137280
0.273040 -0.035920 0.144400
0.259120 -0.078800 0.154640
0.235280 -0.119520 0.168400
0.207040 -0.155840 0.179040
0.170720 -0.194560 0.186800
0.150320 -0.212880 0.190000
0.130480 -0.227760 0.194240
0.107520 -0.241120 0.198640
0.086320 -0.249840 0.204880
0.069680 -0.258720 0.204960
0.070640 -0.263200 0.199600
0.074160 -0.268080 0.191280
0.075520 -0.274720 0.181760
0.074800 -0.285520 0.165280
0.073280 -0.293760 0.151520
0.067680 -0.303760 0.136800
0.061360 -0.313120 0.120080
0.054160 -0.321360 0.103760
0.043840 -0.328960 0.086320
0.036320 -0.332800 0.076080
0.029920 -0.336560 0.066480
0.025360 -0.338880 0.054640
0.019520 -0.341680 0.034320
0.018080 -0.341520 0.019120
0.019440 -0.339920 0.001120
0.023600 -0.336240 -0.019840
0.031040 -0.329200 -0.042960
0.045840 -0.309520 -0.086880
0.052320 -0.291680 -0.119040
0.052800 -0.271680 -0.149360
0.051120 -0.249440 -0.175840
0.052160 -0.225040 -0.199120
0.060160 -0.180160 -0.229920
0.061680 -0.147440 -0.247040
0.060400 -0.115760 -0.259920
0.058720 -0.082720 -0.268160
0.062480 -0.023600 -0.272240
0.068240 0.017120 -0.269600
0.078320 0.059840 -0.257920
0.089360 0.095200 -0.243200
0.094000 0.126240 -0.226800
0.098560 0.171760 -0.192960
0.108240 0.194720 -0.166800
0.124400 0.211200 -0.139200
0.142960 0.221280 -0.106240
0.164720 0.226800 -0.054000
0.193120 0.223200 -0.020880
0.207600 0.214720 0.014560
0.218960 0.202160 0.046720
0.227120 0.185760 0.081520
0.226720 0.156080 0.135200
0.224560 0.130880 0.164080
0.220960 0.101360 0.189280
0.212000 0.077600 0.210560
0.198720 0.048320 0.233440
0.190000 0.030240 0.244320
0.178800 0.010800 0.257040
0.166320 -0.009680 0.267600
0.153200 -0.027600 0.276240
0.136160 -0.052560 0.284560
0.128800 -0.064960 0.287280
0.118400 -0.079520 0.289920
0.104080 -0.098480 0.292720
0.086800 -0.116480 0.294800
0.061920 -0.137680 0.297840
0.052080 -0.145360 0.297360
0.040080 -0.154960 0.296800
0.019520 -0.163120 0.298960
-0.010720 -0.167200 0.300560
-0.022560 -0.174720 0.298400
-0.024320 -0.187280 0.291920
-0.017840 -0.197600 0.285280
-0.006800 -0.203120 0.280640
0.023760 -0.196560 0.280480
0.052000 -0.185920 0.278720
0.078800 -0.174240 0.275360
0.100640 -0.162800 0.272080
0.115920 -0.142800 0.275600
0.107360 -0.130400 0.285760
0.096240 -0.124640 0.293040
0.094880 -0.120240 0.295680
0.101200 -0.101360 0.298640
0.114400 -0.056160 0.302400
0.125120 -0.027040 0.299600
0.134720 0.001040 0.294880
0.142320 0.031360 0.286720
0.152880 0.061680 0.274480
0.139440 0.106720 0.261840
0.125120 0.134720 0.252640
0.111680 0.159360 0.239360
0.102320 0.188080 0.215760
0.088160 0.239040 0.150000
0.072560 0.258960 0.110320
0.060800 0.267760 0.083840
0.052800 0.273440 0.055920
0.042000 0.276160 0.019440
0.020000 0.272160 -0.029280
0.004160 0.266160 -0.051520
-0.012960 0.258400 -0.070640
-0.018080 0.252080 -0.085840
-0.010400 0.246160 -0.103920
-0.000560 0.233600 -0.132640
0.008960 0.222320 -0.150480
0.017120 0.205520 -0.174640
0.028320 0.191120 -0.191040
0.054080 0.163920 -0.214960
0.072320 0.146400 -0.226400
0.092480 0.128800 -0.233360
0.111200 0.107200 -0.238960
0.128240 0.078800 -0.240080
0.157920 0.055200 -0.238160
0.178720 0.023120 -0.232560
0.198240 -0.010960 -0.223120
0.208000 -0.038880 -0.212320
0.225360 -0.067920 -0.191680
0.236800 -0.088240 -0.172560
0.243360 -0.111840 -0.149920
0.242800 -0.138560 -0.131440
0.238000 -0.161680 -0.116320
0.228560 -0.194800 -0.083040
0.218880 -0.219520 -0.055600
0.204320 -0.241680 -0.027040
0.187120 -0.261920 0.002880
0.165200 -0.278720 0.030000
0.128320 -0.302000 0.058640
0.097840 -0.316720 0.065920
0.068960 -0.329280 0.061440
0.042880 -0.339440 0.051360
-0.003600 -0.349760 0.045920
-0.033440 -0.354080 0.043760
-0.062000 -0.355360 0.041440
-0.086160 -0.354640 0.036320
-0.104880 -0.353600 0.020880
-0.121760 -0.347920 -0.009840
-0.126400 -0.345600 -0.024080
-0.131600 -0.341600 -0.034000
-0.138720 -0.338880 -0.040480
-0.151760 -0.333840 -0.047280
-0.162320 -0.328160 -0.057680
-0.175120 -0.318720 -0.069600
-0.190000 -0.307760 -0.079360
-0.204560 -0.297760 -0.084480
-0.213760 -0.288240 -0.092880
-0.215520 -0.284560 -0.096720
-0.213920 -0.284480 -0.100480
-0.209840 -0.286480 -0.102880
-0.216640 -0.281920 -0.102400
-0.226480 -0.275680 -0.102240
-0.233440 -0.273200 -0.099440
-0.241680 -0.273760 -0.089280
-0.248160 -0.274400 -0.078960
-0.254480 -0.273280 -0.069520
-0.260640 -0.268000 -0.069120
-0.269920 -0.259280 -0.067600
-0.278080 -0.252960 -0.062640
-0.283040 -0.248160 -0.060400
-0.287120 -0.245040 -0.059520
-0.293520 -0.240800 -0.052240
-0.300080 -0.238080 -0.040800
-0.306160 -0.234080 -0.027760
-0.314480 -0.224240 -0.016800
-0.320560 -0.215600 -0.009920
-0.325680 -0.207600 -0.000240
-0.329600 -0.201440 0.012160
-0.332800 -0.195120 0.025920
-0.335520 -0.186640 0.044800
-0.336000 -0.181520 0.057200
-0.336080 -0.178080 0.067680
-0.333760 -0.177440 0.080960
-0.328400 -0.178480 0.099360
-0.323600 -0.181040 0.112880
-0.315600 -0.184400 0.129360
-0.301760 -0.190720 0.151040
-0.278000 -0.201600 0.179360
-0.219280 -0.217040 0.226080
-0.184400 -0.228880 0.240720
-0.154640 -0.236880 0.248160
-0.135600 -0.239920 0.252000
-0.119920 -0.244400 0.251040
-0.117200 -0.248080 0.249040
-0.119760 -0.248480 0.247120
-0.125360 -0.253600 0.241280
-0.130560 -0.258400 0.234640
-0.129360 -0.261840 0.231920
-0.128800 -0.261040 0.232400
-0.131280 -0.258320 0.234000
-0.134000 -0.255280 0.234720
-0.132480 -0.253920 0.238000
-0.125040 -0.250240 0.244240
-0.123040 -0.246240 0.248160
-0.120000 -0.241920 0.252960
-0.116800 -0.236800 0.257520
-0.116400 -0.234000 0.259920
-0.119600 -0.230160 0.262560
-0.120720 -0.227520 0.264160
-0.112320 -0.223200 0.269600
-0.097520 -0.217520 0.276400
-0.071760 -0.206560 0.287760
-0.059200 -0.196480 0.293520
-0.040160 -0.184960 0.299440
-0.015840 -0.168720 0.305680
0.024160 -0.141440 0.310880
0.049200 -0.123840 0.311440
0.072400 -0.105680 0.309600
0.094400 -0.088240 0.304800
0.117600 -0.071920 0.298800
0.148560 -0.053600 0.285280
0.165680 -0.043760 0.276160
0.180240 -0.039680 0.267200
0.193280 -0.043520 0.256480
0.207680 -0.047120 0.243760
0.231600 -0.047600 0.217840
0.246960 -0.047040 0.200640
0.259200 -0.047120 0.183200
0.269680 -0.049040 0.165920
0.281840 -0.054000 0.141120
0.287200 -0.058160 0.124640
0.291200 -0.066400 0.110960
0.293920 -0.072640 0.097360
0.295040 -0.077680 0.086560
0.294080 -0.083360 0.083840
0.292480 -0.086880 0.085600
0.289440 -0.087280 0.094640
0.285120 -0.084320 0.109360
0.281040 -0.083360 0.118480
0.281200 -0.083760 0.117520
0.281120 -0.082320 0.116640
0.282720 -0.081200 0.112880
0.287440 -0.085840 0.090000
0.293360 -0.098800 0.022960
0.292000 -0.102080 0.005680
0.293200 -0.098480 0.003680
0.292320 -0.098720 -0.000400
0.285120 -0.108720 -0.024320
0.276880 -0.117520 -0.046320
0.267600 -0.121680 -0.070960
0.261840 -0.117360 -0.091120
0.257680 -0.108800 -0.106160
0.250320 -0.093760 -0.130640
0.243600 -0.084240 -0.145120
0.233840 -0.079840 -0.160160
0.220240 -0.075920 -0.176640
0.197360 -0.078480 -0.198240
0.134480 -0.097360 -0.235040
0.129760 -0.096960 -0.236160
0.123120 -0.095120 -0.239840
0.113840 -0.099200 -0.243040
0.104960 -0.105920 -0.247920
0.088400 -0.109280 -0.250080
0.075920 -0.109200 -0.254160
0.062960 -0.107360 -0.258800
0.047280 -0.106080 -0.262480
0.020560 -0.108480 -0.266240
0.000480 -0.110720 -0.267520
-0.022640 -0.113840 -0.267440
-0.047280 -0.117360 -0.264560
-0.086560 -0.118160 -0.260240
-0.110560 -0.119040 -0.253760
-0.129360 -0.126560 -0.245520
-0.146640 -0.134240 -0.237040
-0.165200 -0.134640 -0.228560
-0.182880 -0.143120 -0.215760
-0.191840 -0.143440 -0.211600
-0.197680 -0.140160 -0.209280
-0.194560 -0.138160 -0.211920
-0.186480 -0.134960 -0.218320
-0.163680 -0.128560 -0.232000
-0.141440 -0.124000 -0.242480
-0.115920 -0.120160 -0.253600
-0.084800 -0.115920 -0.261840
-0.037760 -0.110080 -0.269920
-0.004480 -0.106400 -0.269600
0.029760 -0.105040 -0.266160
0.069440 -0.103760 -0.258080
0.114640 -0.107600 -0.239600
0.174080 -0.107360 -0.204800
0.199520 -0.101760 -0.184960
0.219280 -0.101280 -0.164000
0.239600 -0.103200 -0.137600
0.267520 -0.108080 -0.082080
0.279040 -0.112800 -0.035680
0.282880 -0.116480 0.018720
0.276400 -0.117040 0.073920
0.262560 -0.110720 0.126800
0.225440 -0.096880 0.197200
0.189440 -0.089840 0.238400
0.143600 -0.089120 0.272320
0.090800 -0.094640 0.296720
0.010000 -0.114320 0.313680
-0.041440 -0.124320 0.314720
-0.090560 -0.130960 0.309600
-0.126000 -0.135680 0.300720
-0.148320 -0.141200 0.293920
-0.170000 -0.151200 0.281040
-0.182800 -0.154160 0.274800
-0.195520 -0.148080 0.272080
-0.209440 -0.137520 0.265760
-0.230400 -0.123840 0.256240
-0.267840 -0.099760 0.227680
-0.290400 -0.083200 0.202880
-0.307760 -0.060880 0.177520
-0.317840 -0.035120 0.156080
-0.317760 0.008960 0.130880
-0.311440 0.036080 0.123920
-0.305200 0.051600 0.119360
-0.303040 0.056000 0.120400
-0.302560 0.052880 0.128080
-0.299360 0.043280 0.145120
-0.298480 0.033360 0.156400
-0.296960 0.019200 0.168160
-0.295600 0.004240 0.179680
-0.299600 -0.016320 0.183760
-0.304880 -0.034400 0.180640
-0.310400 -0.051280 0.175680
-0.314720 -0.067760 0.170960
-0.318720 -0.084960 0.163600
-0.322320 -0.117840 0.151360
-0.323600 -0.138240 0.141280
-0.322800 -0.160240 0.129520
-0.320080 -0.183600 0.114400
-0.314720 -0.215600 0.084320
-0.308560 -0.233280 0.064240
-0.300080 -0.248480 0.047440
-0.293680 -0.258560 0.030560
-0.288400 -0.264000 0.012240
-0.284640 -0.263680 -0.018960
-0.280880 -0.262320 -0.041120
-0.272880 -0.263440 -0.058160
-0.263920 -0.267760 -0.072560
-0.253920 -0.269120 -0.088640
-0.240160 -0.262240 -0.119920
-0.234880 -0.251920 -0.138720
-0.230320 -0.242400 -0.150800
-0.226480 -0.237840 -0.159200
-0.213040 -0.236320 -0.170960
-0.169200 -0.235840 -0.198480
-0.133120 -0.237520 -0.210880
-0.098160 -0.235920 -0.220080
-0.065680 -0.233760 -0.225760
-0.017200 -0.219360 -0.234000
0.013440 -0.208400 -0.236560
0.041520 -0.198560 -0.236400
0.068560 -0.187840 -0.233680
0.118720 -0.174240 -0.217200
0.155280 -0.162960 -0.200640
0.189840 -0.148240 -0.180480
0.220960 -0.133280 -0.156000
0.246720 -0.117840 -0.128960
0.278080 -0.094960 -0.082800
0.292320 -0.082160 -0.049040
0.300640 -0.070160 -0.013760
0.303520 -0.061840 0.021200
0.301360 -0.056560 0.056800
0.288080 -0.050960 0.112400
0.273760 -0.047440 0.145680
0.256320 -0.047920 0.175680
0.233200 -0.055280 0.203680
0.187600 -0.067120 0.245600
0.151760 -0.072320 0.270320
0.117840 -0.077840 0.285920
0.087200 -0.087040 0.297520
0.057120 -0.092720 0.305760
0.011760 -0.096000 0.313120
-0.013200 -0.096320 0.315520
-0.040480 -0.099280 0.315680
-0.071840 -0.106080 0.312320
-0.097920 -0.112480 0.304080
-0.130400 -0.115520 0.298000
-0.145120 -0.119360 0.293360
-0.155040 -0.127280 0.288080
-0.160480 -0.140560 0.282160
-0.161680 -0.158000 0.277760
-0.158960 -0.166880 0.275120
-0.155120 -0.170240 0.276240
-0.147920 -0.173200 0.277040
-0.138080 -0.182160 0.276160
-0.132560 -0.188640 0.275280
-0.123120 -0.202320 0.269680
-0.111120 -0.220800 0.261440
-0.096800 -0.235040 0.254080
-0.067840 -0.248160 0.246880
-0.042000 -0.258560 0.236480
-0.013520 -0.265760 0.226640
0.012800 -0.268720 0.217360
0.038800 -0.265440 0.211520
0.072000 -0.253440 0.209840
0.100880 -0.243200 0.201920
0.134480 -0.230480 0.189200
0.160160 -0.217840 0.178480
0.167440 -0.209840 0.181360
0.165520 -0.200880 0.192800
0.170160 -0.189840 0.198560
0.183600 -0.171680 0.199680
0.205920 -0.143840 0.194400
0.238560 -0.113120 0.173280
0.251200 -0.106640 0.156880
0.262640 -0.093760 0.142560
0.275920 -0.081920 0.121360
0.290160 -0.064720 0.087840
0.297520 -0.056880 0.063520
0.300240 -0.057120 0.036320
0.299120 -0.066560 0.008800
0.293360 -0.082000 -0.019200
0.281040 -0.097920 -0.052800
0.274160 -0.101200 -0.071760
0.267920 -0.100480 -0.087600
0.261120 -0.103120 -0.103360
0.251200 -0.107360 -0.119520
0.241120 -0.100880 -0.138800
0.233600 -0.095360 -0.151920
0.227040 -0.087600 -0.164240
0.220000 -0.080400 -0.176000
0.207440 -0.072160 -0.192320
0.199200 -0.062320 -0.201600
0.190400 -0.047840 -0.211520
0.178320 -0.033120 -0.222640
0.163360 -0.022880 -0.233520
0.132400 -0.012640 -0.249040
0.111360 0.002080 -0.256720
0.088640 0.017280 -0.262160
0.066320 0.029680 -0.266640
0.044960 0.052320 -0.265200
0.009280 0.066960 -0.262320
-0.009920 0.080400 -0.256240
-0.025360 0.095600 -0.248400
-0.038560 0.112000 -0.236400
-0.055600 0.141920 -0.213600
-0.061040 0.161600 -0.195200
-0.064240 0.179840 -0.175920
-0.070080 0.192400 -0.159360
-0.075680 0.214000 -0.123920
-0.077200 0.228880 -0.090560
-0.077920 0.241040 -0.056480
-0.076000 0.248800 -0.020160
-0.072080 0.252240 0.016400
-0.066240 0.250320 0.066240
-0.064560 0.244560 0.096960
-0.065280 0.236320 0.123840
-0.065840 0.226720 0.145280
-0.066400 0.216160 0.165760
-0.078720 0.198560 0.188880
-0.098400 0.191040 0.189360
-0.122800 0.182160 0.184320
-0.148160 0.174720 0.172720
-0.177120 0.162880 0.162720
-0.190160 0.155360 0.158960
-0.199200 0.148480 0.159920
-0.206160 0.142080 0.161920
-0.213520 0.135040 0.162560
-0.229840 0.128000 0.148000
-0.238000 0.127680 0.133680
-0.244960 0.126720 0.120640
-0.250960 0.124480 0.111280
-0.264000 0.115360 0.101200
-0.273200 0.104000 0.097360
-0.280000 0.098720 0.093120
-0.280160 0.099360 0.090880
-0.276400 0.104000 0.091200
-0.273200 0.104000 0.103360
-0.272000 0.100640 0.111760
-0.271520 0.099360 0.116640
-0.269200 0.097840 0.125920
-0.262160 0.098160 0.140320
-0.250000 0.102160 0.158560
-0.240160 0.103360 0.170240
-0.232640 0.102240 0.180080
-0.230080 0.097200 0.186560
-0.229040 0.083360 0.200400
-0.225840 0.074880 0.210240
-0.223440 0.066160 0.219200
-0.221520 0.055120 0.227200
-0.217200 0.044800 0.236640
-0.210800 0.030400 0.248240
-0.206720 0.020640 0.253840
-0.203840 0.010960 0.259280
-0.206400 -0.000480 0.259440
-0.210080 -0.012320 0.260080
-0.212400 -0.020320 0.260800
-0.213920 -0.029360 0.261840
-0.213040 -0.035280 0.262880
-0.209040 -0.038560 0.266320
-0.205120 -0.046000 0.270080
-0.207920 -0.057120 0.268320
-0.208880 -0.062320 0.268880
-0.209760 -0.067040 0.269040
-0.207040 -0.068800 0.271040
-0.202320 -0.070160 0.273280
-0.202880 -0.079120 0.273840
-0.203680 -0.087920 0.273920
-0.204480 -0.097760 0.273520
-0.204400 -0.109440 0.272000
-0.199600 -0.133440 0.272800
-0.191360 -0.146720 0.274240
-0.185440 -0.160560 0.274240
-0.180960 -0.177280 0.269920
-0.178080 -0.191520 0.265040
-0.177600 -0.210720 0.255040
-0.180240 -0.226880 0.243120
-0.186640 -0.242640 0.227440
-0.183520 -0.257600 0.217680
-0.165600 -0.277920 0.208560
-0.153040 -0.293680 0.196640
-0.140160 -0.306960 0.183760
-0.125440 -0.319120 0.171520
-0.111760 -0.328960 0.158960
-0.095440 -0.339520 0.137440
-0.089040 -0.345040 0.123440
-0.080320 -0.349120 0.110240
-0.068720 -0.351920 0.099680
-0.056320 -0.354480 0.087840
-0.046000 -0.355920 0.066400
-0.041360 -0.357840 0.051920
-0.035760 -0.356560 0.043680
-0.030160 -0.356720 0.043440
-0.025120 -0.355840 0.047680
-0.023120 -0.355200 0.052720
-0.020720 -0.355120 0.054720
-0.017120 -0.355680 0.058160
-0.014560 -0.355120 0.060720
-0.010960 -0.354080 0.069200
-0.004400 -0.351120 0.081440
0.006720 -0.345520 0.101200
0.017920 -0.337040 0.125360
0.031920 -0.313200 0.173280
0.039760 -0.287840 0.209760
0.037680 -0.259360 0.242400
0.028800 -0.230720 0.269520
0.018480 -0.199760 0.291120
-0.000880 -0.149520 0.313760
-0.020640 -0.112400 0.323840
-0.046160 -0.072480 0.327360
-0.069600 -0.035120 0.322560
-0.086800 -0.000800 0.313920
-0.097200 0.052320 0.296000
-0.107360 0.080640 0.279280
-0.119760 0.097360 0.263840
-0.136160 0.106160 0.249360
-0.162480 0.106560 0.232640
-0.176560 0.104640 0.224160
-0.186720 0.100720 0.219600
-0.192160 0.097280 0.218640
-0.193840 0.094800 0.219520
-0.192160 0.088320 0.227120
-0.189760 0.081760 0.234720
-0.183200 0.078880 0.241600
-0.174640 0.077360 0.249280
-0.162560 0.074320 0.257760
-0.155600 0.074800 0.264000
-0.149280 0.075360 0.266160
-0.143920 0.076240 0.269360
-0.137680 0.078800 0.271440
-0.130640 0.086800 0.271680
-0.130400 0.095600 0.265360
-0.135200 0.103280 0.259360
-0.142640 0.109760 0.251200
-0.148560 0.118480 0.241840
-0.149200 0.124240 0.236320
-0.147360 0.133840 0.230240
-0.139360 0.146080 0.223760
-0.131280 0.156160 0.218880
-0.124720 0.171280 0.205920
-0.113120 0.186160 0.194960
-0.090240 0.203040 0.185840
-0.061680 0.223360 0.166880
-0.036560 0.240800 0.145440
-0.006320 0.252080 0.133440
0.014320 0.251200 0.138080
0.022240 0.251680 0.139680
0.013520 0.254080 0.132240
0.008240 0.253920 0.132320
0.016560 0.254160 0.133840
0.032400 0.255760 0.130880
0.052000 0.258320 0.124640
0.066480 0.260320 0.114720
0.067280 0.265840 0.102240
0.065040 0.270560 0.088000
0.067040 0.274800 0.072880
0.069200 0.277600 0.058080
0.080800 0.278880 0.033440
0.086800 0.278560 0.014800
0.089440 0.278080 -0.003200
0.090480 0.277200 -0.017120
0.088800 0.276480 -0.027120
0.089520 0.275040 -0.040080
0.090560 0.273120 -0.046880
0.084960 0.271520 -0.059120
0.072800 0.268400 -0.076640
0.060560 0.263680 -0.091680
0.048720 0.260240 -0.103200
0.044720 0.259280 -0.106320
0.040880 0.256880 -0.110320
0.037600 0.256800 -0.111040
0.037440 0.255520 -0.112800
0.038400 0.254960 -0.114480
0.039520 0.253920 -0.116000
0.041360 0.253280 -0.117040
0.044720 0.252000 -0.118480
0.031600 0.246240 -0.129280
0.022160 0.244640 -0.132080
0.014320 0.242640 -0.134320
0.006720 0.240480 -0.136640
-0.008800 0.237200 -0.139280
-0.023280 0.234160 -0.139920
-0.039120 0.231760 -0.138400
-0.055200 0.230000 -0.133600
-0.070560 0.229920 -0.124080
-0.088640 0.231280 -0.109040
-0.096080 0.235840 -0.091440
-0.100240 0.240240 -0.075760
-0.102960 0.241760 -0.066000
-0.107360 0.241680 -0.054000
-0.109600 0.243760 -0.043440
-0.105520 0.247440 -0.030800
-0.091520 0.254320 -0.017680
-0.080960 0.259200 -0.003120
-0.070480 0.262880 0.027920
-0.058800 0.265280 0.046480
-0.046000 0.266320 0.065440
-0.029120 0.265760 0.081280
-0.016080 0.263680 0.098400
-0.005760 0.251520 0.135120
0.004160 0.239840 0.160480
0.020240 0.231440 0.176960
0.040000 0.222240 0.189840
0.071120 0.209440 0.201840
0.086400 0.200480 0.208640
0.098000 0.190800 0.216480
0.102400 0.182080 0.222720
0.105840 0.176240 0.228080
0.112800 0.170880 0.228960
0.117280 0.170480 0.227120
0.120640 0.170880 0.226000
0.125920 0.167680 0.225360
0.135840 0.159600 0.227120
0.141920 0.153200 0.229280
0.149200 0.142000 0.235120
0.155360 0.135280 0.235920
0.162560 0.131600 0.235440
0.173360 0.125040 0.230720
0.185040 0.123920 0.223440
0.197760 0.116160 0.217520
0.210160 0.110560 0.209520
0.221200 0.109040 0.200240
0.236720 0.105600 0.184800
0.243440 0.099760 0.178320
0.248000 0.091040 0.178320
0.250080 0.084320 0.178800
0.254480 0.078960 0.175760
0.261520 0.072160 0.167600
0.270240 0.065120 0.158640
0.276560 0.057600 0.151120
0.281280 0.052720 0.144320
0.287520 0.049600 0.128720
0.293680 0.043600 0.118960
0.296960 0.037520 0.109360
0.304240 0.033280 0.091200
0.312160 0.028320 0.057200
0.315120 0.024560 0.036160
0.316320 0.021840 0.018160
0.316240 0.019680 -0.002160
0.314480 0.015200 -0.026320
0.307360 0.008720 -0.060000
0.302560 0.006800 -0.077840
0.297520 0.001360 -0.092160
0.293280 -0.005120 -0.101280
0.289520 -0.011680 -0.111040
0.288080 -0.015120 -0.112320
0.290160 -0.020960 -0.108400
0.293040 -0.027760 -0.101360
0.294720 -0.036160 -0.093360
0.298000 -0.046080 -0.079680
0.303360 -0.048720 -0.062800
0.309760 -0.048560 -0.037920
0.315120 -0.044720 -0.006000
0.316960 -0.037520 0.029520
0.312480 -0.017520 0.084480
0.302160 0.005440 0.123440
0.283280 0.036240 0.157440
0.262560 0.063920 0.180080
0.235120 0.086080 0.204080
0.212240 0.096400 0.221200
0.193280 0.104000 0.232880
0.182400 0.105760 0.240080
0.171760 0.093760 0.253680
0.158320 0.062000 0.274640
0.149280 0.040880 0.285200
0.138320 0.012720 0.295200
0.134640 -0.020000 0.300480
0.133760 -0.076080 0.297040
0.134240 -0.110720 0.290000
0.133920 -0.135760 0.281360
0.129440 -0.156960 0.274640
0.123200 -0.177840 0.267600
0.110080 -0.202800 0.258320
0.099200 -0.218480 0.253840
0.086560 -0.231600 0.250320
0.068080 -0.248400 0.246240
0.046080 -0.265680 0.239680
0.012880 -0.279520 0.238880
-0.012720 -0.281200 0.244720
-0.038000 -0.278720 0.252160
-0.058320 -0.274400 0.257920
-0.082720 -0.264640 0.266160
-0.101360 -0.257680 0.268880
-0.121360 -0.250960 0.270560
-0.140160 -0.241760 0.272560
-0.159040 -0.228080 0.274960
-0.184880 -0.218160 0.270960
-0.199520 -0.217440 0.264000
-0.213200 -0.215920 0.255360
-0.230800 -0.211040 0.244720
-0.260000 -0.199520 0.225280
-0.282000 -0.189840 0.207360
-0.305280 -0.175520 0.185760
-0.324320 -0.155600 0.164960
-0.338240 -0.136000 0.143520
-0.351280 -0.111440 0.113440
-0.356480 -0.103200 0.096560
-0.360240 -0.095680 0.076800
-0.362320 -0.083440 0.056560
-0.361760 -0.066640 0.026800
-0.360080 -0.053840 0.005360
-0.356000 -0.042400 -0.016480
-0.350000 -0.031520 -0.043840
-0.339200 -0.019840 -0.072160
-0.319840 -0.003680 -0.108160
-0.308800 0.001600 -0.126560
-0.296400 0.004160 -0.145200
-0.281520 0.006960 -0.164240
-0.264080 0.009760 -0.182160
-0.241040 0.012000 -0.206000
-0.228800 0.013840 -0.216400
-0.218320 0.017680 -0.222880
-0.206400 0.025280 -0.229440
-0.197200 0.030240 -0.234800
-0.189440 0.028000 -0.241760
-0.168880 0.027520 -0.253760
-0.151280 0.031360 -0.260960
-0.138880 0.036400 -0.265680
-0.121360 0.038640 -0.272480
-0.105360 0.047760 -0.275280
-0.074880 0.069680 -0.276720
-0.039840 0.099120 -0.271360
0.011040 0.138960 -0.253520
0.037040 0.156320 -0.241280
0.055120 0.168000 -0.230480
0.066960 0.176320 -0.222080
0.079280 0.182640 -0.213760
0.093840 0.194720 -0.198800
0.100320 0.202160 -0.188400
0.103680 0.208800 -0.179600
0.101600 0.217200 -0.169600
0.100320 0.225840 -0.158000
0.099520 0.237920 -0.138000
0.099920 0.245360 -0.124000
0.101440 0.250400 -0.114160
0.098720 0.253520 -0.107360
0.084480 0.262960 -0.091920
0.066080 0.270880 -0.073680
0.042800 0.275200 -0.062320
0.020480 0.274640 -0.059680
-0.005440 0.272960 -0.055600
-0.049680 0.264880 -0.049280
-0.079680 0.258960 -0.033840
-0.110080 0.250080 -0.015600
-0.138320 0.237120 -0.004880
-0.173760 0.216320 -0.000400
-0.193040 0.202640 0.002560
-0.212480 0.188160 0.005520
-0.232320 0.169600 0.003520
-0.252640 0.147760 0.000320
-0.283520 0.108880 -0.004080
-0.304240 0.076160 -0.005680
-0.321600 0.039040 -0.007600
-0.333920 0.002880 -0.011280
-0.342000 -0.045600 -0.017600
-0.343840 -0.071360 -0.023360
-0.343440 -0.095840 -0.028080
-0.340160 -0.118240 -0.031200
-0.336880 -0.140080 -0.030720
-0.330000 -0.173280 -0.021840
-0.325520 -0.191520 -0.014320
-0.320720 -0.205920 -0.003520
-0.314080 -0.220320 0.005680
-0.308000 -0.231520 0.007920
-0.295120 -0.247440 0.007520
-0.284560 -0.261200 0.008560
-0.269760 -0.276960 0.006480
-0.251680 -0.291760 0.004800
-0.214640 -0.315920 -0.005520
-0.176560 -0.332240 -0.018080
-0.132480 -0.341520 -0.037280
-0.083680 -0.345360 -0.047440
-0.031040 -0.343520 -0.049440
0.038160 -0.332720 -0.040400
0.080320 -0.320640 -0.031200
0.118800 -0.302880 -0.023040
0.155600 -0.282240 -0.017920
0.201360 -0.246080 -0.014400
0.225440 -0.221120 -0.017760
0.242240 -0.201920 -0.025200
0.251120 -0.189600 -0.031920
0.254480 -0.183760 -0.034640
0.257840 -0.178640 -0.039840
0.258800 -0.173600 -0.048960
0.260480 -0.166080 -0.061760
0.260320 -0.159360 -0.077920
0.258240 -0.145920 -0.103120
0.255440 -0.136320 -0.119040
0.250240 -0.127440 -0.133840
0.246640 -0.119680 -0.146160
0.243600 -0.108480 -0.158160
0.237920 -0.088800 -0.175840
0.233600 -0.076000 -0.184880
0.229120 -0.068080 -0.193040
0.226080 -0.061600 -0.198880
0.221040 -0.051040 -0.204560
0.221440 -0.042960 -0.206640
