0.143652 -0.464475 -9.593566
0.126893 -0.428562 -9.617508
0.138864 -0.383072 -9.653421
0.110133 -0.402226 -9.708488
0.117316 -0.402226 -9.524135
0.105345 -0.390255 -9.598354
0.155623 -0.423774 -9.715671
0.158017 -0.414197 -9.595961
0.167594 -0.404620 -9.696517
0.093374 -0.423774 -9.679757
0.086191 -0.454898 -9.619903
0.114922 -0.414197 -9.627085
0.162806 -0.426168 -9.684546
0.102951 -0.433351 -9.694122
0.122104 -0.442927 -9.627085
0.081403 -0.435745 -9.591172
0.098162 -0.442927 -9.698911
0.105345 -0.402226 -9.708488
0.107739 -0.395043 -9.660604
0.134075 -0.438139 -9.727641
0.067038 -0.426168 -9.701305
0.105345 -0.399832 -9.674969
0.102951 -0.440533 -9.722853
0.105345 -0.397437 -9.706094
0.134075 -0.402226 -9.591172
0.110133 -0.344765 -9.773131
0.131681 -0.399832 -9.703699
0.167594 -0.466869 -9.641450
0.134075 -0.402226 -9.636662
0.122104 -0.387861 -9.588778
0.098162 -0.426168 -9.619903
0.107739 -0.438139 -9.672575
0.074220 -0.464475 -9.634268
0.067038 -0.440533 -9.619903
0.141258 -0.407014 -9.727641
0.134075 -0.325611 -9.648633
0.081403 -0.433351 -9.605537
0.081403 -0.418985 -9.636662
0.119710 -0.351948 -9.653421
0.110133 -0.373495 -9.624691
0.081403 -0.380678 -9.624691
0.112527 -0.397437 -9.727641
0.191536 -0.383072 -9.665392
0.138864 -0.471658 -9.744401
0.105345 -0.375890 -9.627085
0.129287 -0.421380 -9.648633
0.165200 -0.407014 -9.686940
0.100556 -0.361524 -9.713276
0.093374 -0.438139 -9.653421
0.117316 -0.462081 -9.653421
0.126893 -0.380678 -9.641450
0.071826 -0.438139 -9.648633
0.083797 -0.435745 -9.665392
0.158017 -0.356736 -9.739613
0.105345 -0.380678 -9.516952
0.067038 -0.438139 -9.710882
0.088585 -0.397437 -9.674969
0.155623 -0.383072 -9.670180
0.114922 -0.383072 -9.720459
0.167594 -0.371101 -9.658210
0.093374 -0.397437 -9.684546
0.134075 -0.466869 -9.619903
0.126893 -0.354342 -9.619903
0.112527 -0.471658 -9.641450
0.114922 -0.363919 -9.708488
0.114922 -0.335188 -9.651027
0.122104 -0.445322 -9.722853
0.124498 -0.402226 -9.710882
0.057461 -0.428562 -9.660604
0.141258 -0.450110 -9.639056
0.102951 -0.459687 -9.610326
0.081403 -0.471658 -9.698911
0.086191 -0.418985 -9.639056
0.081403 -0.447716 -9.655815
0.184354 -0.387861 -9.665392
0.100556 -0.385466 -9.667787
0.131681 -0.392649 -9.727641
0.088585 -0.383072 -9.651027
0.093374 -0.383072 -9.607931
0.057461 -0.452504 -9.727641
0.093374 -0.409408 -9.667787
0.124498 -0.428562 -9.646238
0.086191 -0.428562 -9.639056
0.134075 -0.395043 -9.765948
0.079009 -0.440533 -9.787497
0.126893 -0.383072 -9.641450
0.143652 -0.438139 -9.636662
0.150835 -0.450110 -9.651027
0.064643 -0.423774 -9.730036
0.107739 -0.407014 -9.646238
0.081403 -0.418985 -9.605537
0.100556 -0.423774 -9.660604
0.138864 -0.421380 -9.636662
0.119710 -0.368707 -9.653421
0.146046 -0.395043 -9.550470
0.141258 -0.399832 -9.639056
0.088585 -0.416591 -9.615114
0.083797 -0.457293 -9.706094
0.102951 -0.457293 -9.591172
0.100556 -0.418985 -9.603143
-0.033519 0.835576 9.959879
-0.100556 0.916979 10.050858
-0.038307 0.905008 9.938332
-0.038307 0.878672 9.962274
0.002394 0.869095 9.878476
-0.002394 0.864307 9.892841
-0.076614 0.905008 9.950302
-0.062249 0.895431 9.923966
-0.002394 0.914585 9.880871
-0.019154 0.852336 9.825804
-0.062249 0.888249 9.933543
-0.081403 0.861913 10.024523
0.028730 0.883460 9.921572
0.016759 0.871489 9.876082
-0.031125 0.890643 9.864111
-0.033519 0.914585 9.947908
-0.033519 0.897826 9.892841
-0.004788 0.897826 9.866506
0.002394 0.816423 9.947908
-0.023942 0.914585 9.789890
0.002394 0.852336 9.821015
-0.059855 0.916979 9.940725
-0.026336 0.945710 9.964667
-0.016759 0.909797 9.962274
-0.074220 0.871489 9.938332
0.007183 0.914585 9.868899
0.014365 0.936133 9.868899
0.000000 0.842759 9.947908
-0.055067 0.948104 9.895236
-0.129287 0.883460 9.979033
-0.031125 0.916979 9.931149
0.000000 0.866701 9.832987
-0.069432 0.902614 9.871294
-0.014365 0.919373 9.957485
-0.016759 0.881066 9.976639
-0.026336 0.888249 9.763555
-0.047884 0.873884 9.856929
-0.021548 0.878672 9.974244
-0.019154 0.893037 9.876082
-0.040701 0.881066 9.914390
-0.031125 0.821211 9.947908
-0.045490 0.900220 9.902418
-0.107739 0.873884 9.940725
-0.081403 0.905008 9.873688
0.014365 0.876278 9.914390
-0.033519 0.866701 9.890448
-0.052672 0.950498 9.931149
-0.031125 0.893037 9.914390
-0.038307 0.873884 9.902418
0.007183 0.876278 9.950302
-0.045490 0.845153 9.892841
-0.088585 0.914585 9.974244
-0.071826 0.940921 9.888053
-0.035913 0.878672 10.010158
0.023942 0.842759 9.844957
0.019154 0.897826 10.024523
-0.033519 0.933739 9.919178
0.004788 0.854730 9.878476
-0.040701 0.885855 9.902418
-0.026336 0.871489 9.923966
-0.011971 0.912191 9.885659
-0.031125 0.847547 9.916783
-0.023942 0.895431 9.911995
-0.026336 0.900220 9.904813
-0.045490 0.907402 10.000581
-0.004788 0.890643 9.878476
-0.023942 0.936133 9.914390
-0.040701 0.919373 9.955091
-0.014365 0.916979 9.859323
-0.014365 0.883460 9.880871
-0.031125 0.919373 9.888053
-0.023942 0.926556 9.919178
-0.064643 0.924162 9.947908
-0.002394 0.873884 9.935937
-0.040701 0.869095 9.885659
-0.074220 0.919373 9.923966
-0.035913 0.895431 9.859323
-0.035913 0.888249 9.952697
-0.057461 0.849942 9.926360
-0.040701 0.883460 9.904813
-0.016759 0.881066 9.873688
-0.035913 0.888249 9.933543
-0.043096 0.852336 9.864111
-0.016759 0.948104 9.780313
-0.019154 0.842759 9.923966
-0.079009 0.876278 9.962274
-0.055067 0.900220 9.830592
-0.047884 0.864307 9.861717
-0.033519 0.921768 9.837775
-0.043096 0.907402 9.835381
-0.067038 0.878672 9.880871
-0.079009 0.847547 9.957485
-0.016759 0.864307 9.876082
-0.047884 0.897826 9.919178
0.000000 0.849942 9.861717
-0.059855 0.849942 9.873688
-0.062249 0.885855 9.907207
-0.040701 0.890643 9.880871
-0.023942 0.919373 9.842564
-0.047884 0.912191 9.988609
-0.265756 9.332599 -0.043096
-0.282516 9.375694 -0.009577
-0.275333 9.423578 -0.052672
-0.284910 9.358934 0.100556
-0.258574 9.349358 0.004788
-0.325611 9.346964 0.007183
-0.248997 9.358934 0.016759
-0.270545 9.454702 0.021548
-0.277727 9.366117 0.002394
-0.256180 9.337387 -0.033519
-0.189142 9.411607 -0.045490
-0.237026 9.342175 -0.002394
-0.222661 9.349358 0.011971
-0.229843 9.380483 0.045490
-0.265756 9.311050 -0.023942
-0.253785 9.354146 -0.059855
-0.251391 9.351752 -0.019154
-0.275333 9.296685 -0.016759
-0.237026 9.368511 -0.062249
-0.213084 9.313444 0.031125
-0.260968 9.411607 -0.035913
-0.306458 9.351752 -0.114922
-0.306458 9.349358 0.009577
-0.306458 9.421184 -0.019154
-0.213084 9.339781 -0.040701
-0.270545 9.330204 0.028730
-0.213084 9.361329 -0.050278
-0.244209 9.370906 0.043096
-0.213084 9.339781 0.002394
-0.208296 9.327810 0.033519
-0.258574 9.368511 -0.004788
-0.280122 9.351752 -0.074220
-0.253785 9.325416 0.028730
-0.248997 9.378088 -0.069432
-0.244209 9.397242 -0.031125
-0.201113 9.337387 -0.067038
-0.253785 9.337387 -0.033519
-0.318429 9.409213 -0.007183
-0.241814 9.334992 0.014365
-0.241814 9.387665 -0.019154
-0.191536 9.337387 0.004788
-0.186748 9.404425 -0.055067
-0.248997 9.423578 -0.040701
-0.270545 9.361329 -0.112527
-0.277727 9.392453 -0.107739
-0.241814 9.378088 -0.083797
-0.258574 9.363723 0.002394
-0.251391 9.339781 0.093374
-0.220267 9.306262 -0.019154
-0.270545 9.406818 -0.019154
-0.177171 9.409213 0.014365
-0.354342 9.344569 0.059855
-0.253785 9.361329 0.009577
-0.239420 9.361329 -0.033519
-0.203507 9.411607 -0.019154
-0.294487 9.354146 -0.069432
-0.265756 9.363723 -0.074220
-0.325611 9.346964 -0.083797
-0.301669 9.447520 -0.055067
-0.225055 9.342175 0.004788
-0.282516 9.378088 -0.028730
-0.244209 9.325416 0.052672
-0.184354 9.358934 -0.033519
-0.292093 9.361329 -0.021548
-0.208296 9.354146 -0.021548
-0.184354 9.349358 -0.019154
-0.275333 9.368511 -0.026336
-0.282516 9.385271 -0.064643
-0.260968 9.375694 -0.026336
-0.239420 9.296685 -0.117316
-0.265756 9.390059 0.014365
-0.272939 9.325416 -0.019154
-0.313640 9.337387 -0.002394
-0.246603 9.349358 -0.043096
-0.260968 9.339781 0.028730
-0.253785 9.363723 0.050278
-0.234632 9.363723 -0.064643
-0.342371 9.363723 -0.083797
-0.253785 9.342175 0.031125
-0.241814 9.394848 0.079009
-0.268151 9.378088 -0.031125
-0.215478 9.387665 -0.088585
-0.280122 9.380483 0.038307
-0.251391 9.330204 -0.043096
-0.258574 9.358934 -0.076614
-0.234632 9.342175 -0.047884
-0.246603 9.339781 0.028730
-0.270545 9.339781 0.014365
-0.229843 9.339781 -0.040701
-0.263362 9.323022 -0.059855
-0.292093 9.385271 0.004788
-0.248997 9.382876 -0.031125
-0.181959 9.402030 0.007183
-0.296881 9.296685 -0.014365
-0.296881 9.368511 -0.002394
-0.241814 9.378088 -0.074220
-0.241814 9.354146 0.047884
-0.287304 9.358934 -0.047884
-0.320823 9.361329 -0.014365
-0.275333 9.394848 0.052672
0.275333 -10.160992 0.040701
0.248997 -10.199299 -0.150835
0.241814 -10.192117 -0.055067
0.299275 -10.127473 -0.040701
0.268151 -10.189722 -0.205901
0.301669 -10.381259 -0.258574
0.253785 -10.187328 -0.205901
0.256180 -10.160992 -0.031125
0.275333 -10.249578 -0.146046
0.241814 -10.187328 -0.162806
0.282516 -10.216059 0.043096
0.349553 -10.309433 -0.148441
0.275333 -10.199299 -0.201113
0.371101 -10.251971 -0.040701
0.378284 -10.242394 -0.086191
0.270545 -10.251971 -0.064643
0.251391 -10.235212 -0.148441
0.232238 -10.261548 -0.131681
0.239420 -10.235212 -0.146046
0.174777 -10.256760 -0.081403
0.210690 -10.251971 -0.172383
0.289698 -10.228029 -0.167594
0.215478 -10.096349 -0.268151
0.225055 -10.168175 -0.146046
0.246603 -10.256760 -0.205901
0.265756 -10.271125 -0.076614
0.294487 -10.187328 0.016759
0.308852 -10.125079 -0.074220
0.347159 -10.268731 -0.057461
0.397437 -10.254366 -0.043096
0.299275 -10.242394 -0.155623
0.239420 -10.204087 -0.069432
0.265756 -10.146626 -0.177171
0.232238 -10.216059 -0.143652
0.220267 -10.220847 -0.062249
0.217872 -10.275913 -0.124498
0.213084 -10.192117 -0.196325
0.201113 -10.146626 -0.201113
0.325611 -10.137050 -0.160412
0.272939 -10.259154 -0.067038
0.304064 -10.261548 -0.028730
0.258574 -10.230424 -0.227449
0.330400 -10.194510 -0.158017
0.292093 -10.172963 -0.131681
0.311246 -10.211270 -0.201113
0.289698 -10.213664 -0.148441
0.210690 -10.261548 -0.100556
0.296881 -10.268731 -0.129287
0.296881 -10.194510 -0.129287
0.335188 -10.158598 -0.177171
0.189142 -10.184934 -0.246603
0.246603 -10.194510 -0.158017
0.248997 -10.259154 -0.232238
0.280122 -10.220847 -0.169988
0.287304 -10.251971 -0.239420
0.272939 -10.242394 -0.277727
0.308852 -10.235212 -0.241814
0.282516 -10.275913 -0.174777
0.205901 -10.225636 -0.330400
0.215478 -10.189722 -0.316035
0.232238 -10.156203 -0.198719
0.205901 -10.292673 -0.208296
0.141258 -10.251971 -0.289698
0.296881 -10.180145 -0.134075
0.258574 -10.177752 -0.296881
0.225055 -10.261548 -0.241814
0.179565 -10.223241 -0.337582
0.205901 -10.223241 -0.232238
0.234632 -10.237606 -0.189142
0.239420 -10.278308 -0.241814
0.217872 -10.180145 -0.256180
0.196325 -10.192117 -0.253785
0.213084 -10.192117 -0.203507
0.256180 -10.295067 -0.213084
0.253785 -10.299856 -0.179565
0.237026 -10.256760 -0.246603
0.225055 -10.172963 -0.227449
0.282516 -10.213664 -0.215478
0.215478 -10.256760 -0.193930
0.234632 -10.184934 -0.246603
0.143652 -10.268731 -0.251391
0.232238 -10.165780 -0.256180
0.289698 -10.127473 -0.162806
0.263362 -10.189722 -0.213084
0.186748 -10.285490 -0.220267
0.222661 -10.283096 -0.316035
0.246603 -10.232818 -0.246603
0.213084 -10.153810 -0.287304
0.251391 -10.141838 -0.229843
0.248997 -10.189722 -0.241814
0.272939 -10.223241 -0.160412
0.265756 -10.345345 -0.165200
0.287304 -10.163386 -0.225055
0.253785 -10.129868 -0.107739
0.304064 -10.211270 -0.205901
0.258574 -10.256760 -0.251391
0.256180 -10.180145 -0.239420
0.246603 -10.177752 -0.227449
0.198719 -10.187328 -0.241814
0.248997 -10.268731 -0.253785
9.859323 -0.493206 0.177171
9.947908 -0.450110 0.179565
9.866506 -0.421380 0.229843
9.919178 -0.462081 0.193930
9.890448 -0.478840 0.220267
9.852140 -0.469264 0.215478
9.864111 -0.521936 0.191536
9.895236 -0.457293 0.251391
9.864111 -0.495600 0.225055
9.859323 -0.483629 0.299275
9.895236 -0.457293 0.311246
9.955091 -0.490811 0.229843
9.904813 -0.469264 0.284910
9.849746 -0.457293 0.136469
9.919178 -0.469264 0.299275
9.876082 -0.471658 0.248997
9.883265 -0.442927 0.181959
9.876082 -0.418985 0.280122
9.919178 -0.462081 0.203507
9.897630 -0.476446 0.181959
9.897630 -0.450110 0.318429
9.859323 -0.495600 0.244209
9.854534 -0.469264 0.222661
9.880871 -0.471658 0.217872
9.909601 -0.459687 0.177171
9.904813 -0.452504 0.184354
9.974244 -0.421380 0.217872
9.919178 -0.423774 0.162806
9.900024 -0.466869 0.246603
9.888053 -0.531513 0.201113
9.919178 -0.423774 0.272939
9.916783 -0.447716 0.215478
9.890448 -0.457293 0.280122
9.878476 -0.407014 0.186748
9.832987 -0.421380 0.222661
9.878476 -0.440533 0.150835
9.876082 -0.395043 0.237026
9.938332 -0.407014 0.318429
9.952697 -0.409408 0.143652
9.842564 -0.483629 0.260968
9.890448 -0.442927 0.282516
9.897630 -0.474052 0.241814
9.931149 -0.505177 0.246603
9.849746 -0.442927 0.225055
9.856929 -0.459687 0.122104
9.856929 -0.442927 0.215478
9.919178 -0.474052 0.258574
9.885659 -0.438139 0.237026
9.859323 -0.457293 0.208296
9.902418 -0.486023 0.282516
9.878476 -0.486023 0.220267
9.823410 -0.447716 0.203507
9.904813 -0.442927 0.220267
9.928755 -0.476446 0.229843
9.952697 -0.440533 0.237026
9.861717 -0.471658 0.263362
9.909601 -0.462081 0.213084
9.878476 -0.500388 0.253785
9.840169 -0.478840 0.129287
9.928755 -0.450110 0.220267
9.883265 -0.440533 0.296881
9.813833 -0.399832 0.193930
9.904813 -0.495600 0.196325
9.892841 -0.416591 0.222661
9.823410 -0.459687 0.260968
9.878476 -0.409408 0.201113
9.888053 -0.423774 0.301669
9.852140 -0.430956 0.265756
9.928755 -0.495600 0.335188
9.878476 -0.464475 0.213084
9.849746 -0.469264 0.258574
9.904813 -0.469264 0.248997
9.883265 -0.457293 0.225055
9.854534 -0.476446 0.162806
9.840169 -0.483629 0.296881
9.868899 -0.440533 0.237026
9.866506 -0.488417 0.256180
9.928755 -0.430956 0.201113
9.888053 -0.459687 0.237026
9.923966 -0.411803 0.237026
9.892841 -0.447716 0.248997
9.885659 -0.488417 0.162806
9.892841 -0.418985 0.246603
9.859323 -0.450110 0.287304
9.911995 -0.471658 0.229843
9.888053 -0.483629 0.136469
9.871294 -0.474052 0.172383
9.842564 -0.476446 0.205901
9.935937 -0.452504 0.222661
9.890448 -0.462081 0.229843
9.897630 -0.509965 0.205901
9.895236 -0.450110 0.306458
9.852140 -0.428562 0.232238
9.947908 -0.402226 0.292093
9.866506 -0.474052 0.258574
9.931149 -0.474052 0.280122
9.900024 -0.442927 0.184354
9.952697 -0.483629 0.246603
9.871294 -0.488417 0.265756
9.878476 -0.526724 0.253785
-9.821015 -0.414197 0.332794
-9.756371 -0.375890 0.215478
-9.825804 -0.311246 0.248997
-9.883265 -0.387861 0.304064
-9.873688 -0.385466 0.335188
-9.859323 -0.342371 0.354342
-9.809045 -0.349553 0.280122
-9.794679 -0.395043 0.416591
-9.832987 -0.347159 0.248997
-9.806650 -0.320823 0.395043
-9.856929 -0.368707 0.351948
-9.873688 -0.306458 0.316035
-9.792285 -0.380678 0.399832
-9.830592 -0.399832 0.351948
-9.832987 -0.366313 0.385466
-9.830592 -0.373495 0.260968
-9.806650 -0.378284 0.397437
-9.842564 -0.378284 0.301669
-9.828198 -0.351948 0.253785
-9.837775 -0.366313 0.378284
-9.792285 -0.399832 0.328006
-9.844957 -0.407014 0.373495
-9.856929 -0.328006 0.328006
-9.821015 -0.378284 0.318429
-9.811439 -0.337582 0.328006
-9.842564 -0.354342 0.296881
-9.873688 -0.337582 0.332794
-9.797073 -0.320823 0.325611
-9.830592 -0.339977 0.395043
-9.818622 -0.301669 0.337582
-9.873688 -0.390255 0.304064
-9.847352 -0.337582 0.351948
-9.847352 -0.371101 0.356736
-9.818622 -0.371101 0.378284
-9.835381 -0.339977 0.337582
-9.818622 -0.354342 0.459687
-9.797073 -0.344765 0.272939
-9.811439 -0.373495 0.409408
-9.816227 -0.363919 0.330400
-9.842564 -0.339977 0.423774
-9.840169 -0.356736 0.339977
-9.770737 -0.344765 0.325611
-9.780313 -0.366313 0.363919
-9.821015 -0.383072 0.380678
-9.813833 -0.306458 0.330400
-9.844957 -0.328006 0.354342
-9.844957 -0.378284 0.387861
-9.821015 -0.399832 0.368707
-9.823410 -0.354342 0.299275
-9.878476 -0.351948 0.289698
-9.832987 -0.430956 0.430956
-9.854534 -0.378284 0.263362
-9.818622 -0.342371 0.318429
-9.794679 -0.342371 0.339977
-9.794679 -0.318429 0.378284
-9.806650 -0.361524 0.265756
-9.844957 -0.418985 0.277727
-9.797073 -0.411803 0.344765
-9.806650 -0.339977 0.296881
-9.794679 -0.399832 0.354342
-9.801862 -0.361524 0.299275
-9.828198 -0.378284 0.328006
-9.780313 -0.392649 0.318429
-9.787497 -0.447716 0.306458
-9.837775 -0.426168 0.311246
-9.854534 -0.313640 0.337582
-9.801862 -0.421380 0.356736
-9.849746 -0.416591 0.351948
-9.816227 -0.366313 0.344765
-9.821015 -0.416591 0.296881
-9.780313 -0.387861 0.349553
-9.830592 -0.371101 0.313640
-9.804255 -0.344765 0.306458
-9.861717 -0.392649 0.445322
-9.789890 -0.375890 0.414197
-9.799467 -0.371101 0.433351
-9.840169 -0.349553 0.284910
-9.859323 -0.409408 0.299275
-9.825804 -0.385466 0.385466
-9.828198 -0.337582 0.289698
-9.785102 -0.366313 0.316035
-9.844957 -0.363919 0.402226
-9.840169 -0.339977 0.323217
-9.830592 -0.339977 0.289698
-9.816227 -0.418985 0.447716
-9.806650 -0.368707 0.344765
-9.830592 -0.351948 0.335188
-9.828198 -0.351948 0.337582
-9.837775 -0.399832 0.332794
-9.809045 -0.368707 0.335188
-9.873688 -0.411803 0.351948
-9.816227 -0.392649 0.335188
-9.799467 -0.378284 0.344765
-9.823410 -0.332794 0.426168
-9.856929 -0.351948 0.402226
-9.811439 -0.375890 0.409408
-9.844957 -0.351948 0.356736
-9.828198 -0.387861 0.260968
-9.787497 -0.407014 0.366313
-9.907207 -0.313640 0.316035
