0.116320 0.078320 0.161200
0.116080 0.078080 0.161120
0.115600 0.078400 0.161680
0.115440 0.078080 0.161760
0.114080 0.076880 0.161200
0.111520 0.077360 0.162400
0.109360 0.078160 0.162080
0.107280 0.079360 0.162080
0.104320 0.081680 0.162240
0.100960 0.082880 0.160640
0.097280 0.086080 0.159760
0.091520 0.093040 0.156960
0.086320 0.098480 0.153120
0.080640 0.107120 0.148640
0.074080 0.116320 0.141360
0.065760 0.127040 0.131120
0.058320 0.138400 0.118640
0.051200 0.150560 0.103040
0.042000 0.166720 0.072880
0.037680 0.176960 0.048720
0.035360 0.182000 0.021120
0.034160 0.184720 -0.004960
0.035200 0.184080 -0.027200
0.039360 0.177520 -0.065760
0.051360 0.171280 -0.086960
0.061280 0.164560 -0.101440
0.068240 0.157680 -0.113760
0.073600 0.152720 -0.122880
0.075840 0.150000 -0.126000
0.075920 0.149520 -0.125120
0.071680 0.154080 -0.121440
0.061280 0.166640 -0.101920
0.055040 0.178640 -0.079680
0.052320 0.187040 -0.054400
0.054720 0.192240 -0.029600
0.062400 0.196240 -0.007680
0.074080 0.198480 0.008640
0.087600 0.198560 0.019520
0.113600 0.198800 0.032320
0.132080 0.195200 0.040640
0.150320 0.190480 0.047600
0.169040 0.183600 0.050800
0.185840 0.175840 0.051360
0.214080 0.159520 0.049040
0.230160 0.146000 0.040800
0.243120 0.134800 0.026560
0.250880 0.126160 0.010320
0.254960 0.119120 -0.003200
0.254880 0.116720 -0.014640
0.254000 0.116400 -0.024400
0.250000 0.119840 -0.031840
0.242240 0.130320 -0.041840
0.234160 0.138880 -0.046320
0.225440 0.149440 -0.047920
0.214960 0.162160 -0.047680
0.203440 0.172640 -0.043840
0.190480 0.184240 -0.038960
0.166000 0.197920 -0.035120
0.146480 0.204640 -0.030960
0.122960 0.208880 -0.026880
0.100080 0.209600 -0.025200
0.079040 0.206960 -0.030400
0.060880 0.201120 -0.039760
0.040080 0.189840 -0.060800
0.029600 0.179520 -0.074880
0.025840 0.169520 -0.090800
0.025600 0.157680 -0.107760
0.028480 0.146560 -0.122800
0.035920 0.134720 -0.137120
0.047200 0.124640 -0.149200
0.064400 0.117120 -0.157600
0.093680 0.109120 -0.163600
0.111280 0.103760 -0.163200
0.127120 0.104080 -0.158000
0.137920 0.106400 -0.150720
0.148480 0.107600 -0.142000
0.158880 0.115680 -0.127840
0.161920 0.123760 -0.116960
0.162400 0.131920 -0.108640
0.158640 0.140960 -0.105120
0.148640 0.150480 -0.100080
0.137040 0.161120 -0.094400
0.121840 0.170800 -0.087600
0.098000 0.181440 -0.072400
0.077520 0.186000 -0.058240
0.054480 0.186640 -0.039280
0.031360 0.182240 -0.018000
0.011280 0.173920 0.004560
-0.004240 0.160320 0.028960
-0.016240 0.144000 0.054560
-0.024480 0.114480 0.089520
-0.021360 0.092880 0.112720
-0.014480 0.073200 0.131600
-0.003680 0.053520 0.146000
0.011520 0.035840 0.158720
0.043120 0.017520 0.171600
0.059920 0.009840 0.174880
0.073600 0.003440 0.176000
0.091600 0.000480 0.177280
0.110800 0.000720 0.174960
0.131920 -0.001600 0.171600
0.147920 -0.002800 0.166320
0.158880 -0.003680 0.162400
0.175680 -0.004720 0.155040
0.185600 0.000000 0.149040
0.196080 0.006720 0.143040
0.207200 0.012800 0.134560
0.219680 0.020080 0.124560
0.230480 0.029280 0.114080
0.238080 0.041280 0.105280
0.243280 0.054960 0.095840
0.248000 0.077840 0.082640
0.248960 0.089280 0.072560
0.248880 0.101920 0.062800
0.247520 0.114480 0.054000
0.245440 0.124560 0.045360
0.241040 0.137920 0.029120
0.238320 0.145920 0.019600
0.233120 0.152640 0.010320
0.228480 0.160560 0.002960
0.221920 0.166560 -0.005920
0.214800 0.173280 -0.014320
0.207520 0.179440 -0.021840
0.198960 0.187280 -0.033760
0.182160 0.192240 -0.039280
0.170400 0.196720 -0.045040
0.156960 0.199840 -0.049120
0.145200 0.201440 -0.057840
0.129920 0.200960 -0.068480
0.112880 0.197280 -0.078160
0.081120 0.194080 -0.084400
0.061360 0.188640 -0.086160
0.045120 0.179840 -0.095200
0.034880 0.169200 -0.109520
0.027280 0.155200 -0.122640
0.024240 0.139760 -0.137600
0.027040 0.117280 -0.159520
0.035680 0.105040 -0.170960
0.052160 0.097360 -0.179600
0.075680 0.095280 -0.183520
0.102160 0.095360 -0.183920
0.126080 0.095680 -0.181760
0.143600 0.095680 -0.175360
0.162160 0.094960 -0.166960
0.169840 0.095360 -0.161280
0.173840 0.099920 -0.154320
0.175760 0.104080 -0.149280
0.176960 0.104880 -0.146000
0.177520 0.105440 -0.143840
0.176560 0.111760 -0.138160
0.169120 0.117360 -0.137280
0.159520 0.122480 -0.137760
0.149280 0.126320 -0.140400
0.135520 0.128720 -0.142320
0.119040 0.128880 -0.147200
0.099440 0.123920 -0.153040
0.068560 0.113520 -0.159280
0.050480 0.105760 -0.160160
0.034240 0.102160 -0.157200
0.018240 0.099280 -0.151600
0.005360 0.097200 -0.145440
-0.000480 0.095280 -0.143200
-0.003440 0.094800 -0.142240
-0.009120 0.094480 -0.136480
-0.012400 0.093680 -0.133680
-0.013520 0.092880 -0.135840
-0.012800 0.093040 -0.135280
-0.015600 0.095440 -0.131840
-0.021840 0.102400 -0.121120
-0.028640 0.118800 -0.098400
-0.026240 0.132720 -0.081200
-0.019680 0.145520 -0.067600
-0.009680 0.157040 -0.056480
0.001520 0.168720 -0.043440
0.014880 0.178080 -0.030960
0.028320 0.184960 -0.022240
0.040400 0.190560 -0.012400
0.062160 0.195680 0.004000
0.079120 0.197280 0.014560
0.096880 0.196880 0.024000
0.113120 0.194880 0.030000
0.127120 0.193440 0.034880
0.140560 0.190400 0.036000
0.154720 0.186720 0.036480
0.179760 0.178240 0.031920
0.197680 0.168720 0.027040
0.215040 0.157040 0.021600
0.230320 0.144640 0.014800
0.243360 0.128960 0.010160
0.258640 0.102000 0.004400
0.265520 0.084400 0.000480
0.268240 0.066560 -0.003440
0.270960 0.054400 -0.008400
0.271120 0.045840 -0.015680
0.269840 0.039920 -0.024080
0.267760 0.030560 -0.031760
0.263840 0.014000 -0.043680
0.259440 0.005360 -0.050800
0.255920 -0.001120 -0.059680
0.250800 -0.007440 -0.067040
0.245600 -0.014560 -0.074480
0.238960 -0.023040 -0.080400
0.232800 -0.028720 -0.087120
0.227760 -0.032560 -0.092480
0.222720 -0.036800 -0.096000
0.219920 -0.038000 -0.098400
0.215440 -0.037920 -0.104400
0.208240 -0.036800 -0.112640
0.204640 -0.034000 -0.118560
0.207120 -0.026960 -0.116480
0.211600 -0.021520 -0.114080
0.214880 -0.015120 -0.114160
0.217280 -0.006880 -0.115600
0.219440 0.002160 -0.118080
0.218560 0.013680 -0.122000
0.215200 0.023040 -0.129360
0.205840 0.037360 -0.138160
0.199760 0.049760 -0.145280
0.190080 0.061600 -0.150560
0.178240 0.075120 -0.155200
0.165760 0.087200 -0.158400
0.144160 0.104320 -0.159280
0.126000 0.113360 -0.159360
0.109040 0.118400 -0.158880
0.096000 0.122000 -0.157520
0.081360 0.124880 -0.156080
0.064800 0.126560 -0.152640
0.048000 0.131920 -0.143760
0.032720 0.136000 -0.133680
0.016640 0.136800 -0.122720
0.002800 0.135440 -0.114880
-0.010400 0.131760 -0.107280
-0.022320 0.128480 -0.096960
-0.031360 0.125200 -0.089600
-0.039280 0.119520 -0.082080
-0.047680 0.113760 -0.075520
-0.053360 0.107760 -0.072000
-0.055920 0.102000 -0.073920
-0.057920 0.092880 -0.081040
-0.056400 0.078320 -0.096400
-0.047600 0.059920 -0.120160
-0.020000 0.030480 -0.153360
0.001120 0.012640 -0.166400
0.015440 -0.005920 -0.171040
0.025520 -0.020080 -0.173040
0.035200 -0.030080 -0.173120
0.041040 -0.041360 -0.171440
0.048000 -0.056080 -0.168640
0.055600 -0.071440 -0.163200
0.066640 -0.090800 -0.150880
0.068640 -0.101760 -0.142880
0.067200 -0.110480 -0.135200
0.063680 -0.116080 -0.127360
0.062880 -0.116560 -0.126080
0.064320 -0.110160 -0.131200
0.068320 -0.096320 -0.141040
0.085760 -0.086480 -0.144240
0.091760 -0.087200 -0.142240
0.094960 -0.089920 -0.139680
0.100160 -0.090320 -0.137520
0.104800 -0.089920 -0.136400
0.112320 -0.093760 -0.130160
0.117280 -0.097120 -0.125600
0.120640 -0.098240 -0.123280
0.121840 -0.097760 -0.122640
0.121840 -0.098720 -0.122000
0.121440 -0.101200 -0.120560
0.120160 -0.102240 -0.120880
0.115040 -0.102320 -0.123280
0.110480 -0.100800 -0.126160
0.110400 -0.098000 -0.127360
0.112160 -0.094320 -0.130160
0.115040 -0.089040 -0.133760
0.122800 -0.082640 -0.135360
0.134240 -0.078080 -0.135600
0.149440 -0.072720 -0.132160
0.157520 -0.066880 -0.133040
0.166960 -0.057600 -0.134400
0.176880 -0.044560 -0.136880
0.179680 -0.031440 -0.144320
0.175280 -0.017280 -0.153680
0.162080 0.006320 -0.166960
0.152800 0.025440 -0.172320
0.144720 0.046800 -0.174240
0.135120 0.066000 -0.174640
0.125200 0.083600 -0.172480
0.117040 0.097920 -0.167680
0.110080 0.112480 -0.162080
0.104000 0.130240 -0.151920
0.099600 0.138400 -0.147760
0.090720 0.146640 -0.141440
0.079920 0.152000 -0.134560
0.068560 0.155600 -0.128880
0.060000 0.156400 -0.125840
0.046080 0.157120 -0.120800
0.034400 0.153760 -0.120240
0.024880 0.149600 -0.118400
0.022400 0.148320 -0.117920
0.020480 0.146800 -0.119840
0.018960 0.146800 -0.118880
0.017840 0.146640 -0.117920
0.018720 0.147680 -0.117440
0.021280 0.148960 -0.116480
0.021200 0.151920 -0.111840
0.019840 0.154960 -0.104880
0.018560 0.157680 -0.098160
0.017600 0.161680 -0.091120
0.016560 0.165840 -0.080320
0.015680 0.171040 -0.065680
0.018560 0.179760 -0.035840
0.024320 0.184080 -0.011680
0.030160 0.185040 0.016000
0.034560 0.181040 0.037440
0.038160 0.175920 0.056000
0.040960 0.165920 0.079040
0.039120 0.147440 0.102400
0.037600 0.135920 0.115040
0.037040 0.122800 0.126640
0.038320 0.107760 0.138000
0.042400 0.090640 0.149280
0.049040 0.072720 0.158800
0.057200 0.051040 0.167120
0.076480 0.015520 0.175200
0.090960 -0.009360 0.174480
0.104480 -0.027440 0.170880
0.119600 -0.039440 0.165440
0.140000 -0.050000 0.157280
0.165200 -0.056720 0.142800
0.192320 -0.052160 0.126240
0.228240 -0.025440 0.100160
0.250000 -0.008080 0.073920
0.263760 0.008800 0.049360
0.270160 0.029120 0.032560
0.272480 0.050320 0.020800
0.271600 0.069920 0.005120
0.267360 0.089440 -0.021760
0.261520 0.102400 -0.039200
0.252560 0.117360 -0.050720
0.238960 0.133520 -0.061440
0.222400 0.147280 -0.073920
0.201600 0.158560 -0.085360
0.178960 0.168720 -0.095440
0.139120 0.176720 -0.104560
0.113120 0.176480 -0.110960
0.088480 0.177680 -0.108480
0.066160 0.177680 -0.102800
0.045760 0.173520 -0.098960
0.031040 0.166880 -0.102000
0.014320 0.154320 -0.105760
0.010960 0.149440 -0.108240
0.011200 0.147840 -0.109840
0.016640 0.150400 -0.108720
0.024560 0.156320 -0.104880
0.033440 0.165600 -0.096320
0.045920 0.179040 -0.076080
0.052400 0.186560 -0.056800
0.057760 0.193680 -0.031040
0.065040 0.195680 -0.000880
0.071840 0.193360 0.027680
0.078880 0.184480 0.062240
0.091840 0.163360 0.100880
0.103360 0.135040 0.131600
0.122160 0.079600 0.163440
0.139040 0.036240 0.169840
0.156080 -0.005600 0.165040
0.169760 -0.039680 0.153280
0.185600 -0.059600 0.134960
0.216800 -0.064480 0.104880
0.240240 -0.052400 0.083040
0.259280 -0.038720 0.052240
0.269360 -0.027040 0.026000
0.272560 -0.018560 0.009200
0.275200 -0.009040 -0.001120
0.276880 0.004960 -0.008880
0.278400 0.028320 -0.019360
0.278320 0.043360 -0.023280
0.277600 0.058400 -0.029280
0.276320 0.072240 -0.034400
0.273040 0.086640 -0.037600
0.266960 0.103440 -0.039360
0.259440 0.120080 -0.041280
0.248400 0.134880 -0.045920
0.230800 0.151280 -0.054080
0.219920 0.158080 -0.060800
0.209120 0.162720 -0.070720
0.199040 0.165200 -0.081520
0.190400 0.164320 -0.093200
0.174800 0.158240 -0.114560
0.166240 0.154960 -0.122720
0.159840 0.152160 -0.128720
0.153920 0.149280 -0.132400
0.148400 0.144080 -0.139120
0.138320 0.135840 -0.148640
0.123760 0.124720 -0.158960
0.099920 0.098640 -0.173920
0.093840 0.076480 -0.181120
0.094080 0.052480 -0.185440
0.098960 0.018880 -0.186560
0.111440 -0.015520 -0.179200
0.123920 -0.040640 -0.164880
0.130640 -0.057360 -0.150720
0.130000 -0.072880 -0.125440
0.120240 -0.093200 -0.108960
0.118240 -0.099360 -0.092400
0.124480 -0.097360 -0.078080
0.133760 -0.090320 -0.069120
0.141440 -0.084080 -0.058240
0.147520 -0.083680 -0.056400
0.149600 -0.086960 -0.062080
0.149440 -0.089680 -0.075040
0.150320 -0.088800 -0.090480
0.150880 -0.083440 -0.107200
0.150480 -0.075280 -0.125200
0.145280 -0.062000 -0.143920
0.131520 -0.026480 -0.171520
0.118320 0.006800 -0.183840
0.098160 0.040720 -0.186880
0.078240 0.078400 -0.178960
0.059200 0.113520 -0.160720
0.049120 0.144720 -0.132240
0.047840 0.172320 -0.094480
0.066400 0.196560 -0.041040
0.090160 0.202800 -0.016880
0.118480 0.203120 -0.002640
0.145280 0.198720 0.003600
0.171760 0.191520 0.005920
0.194560 0.181440 0.003920
0.220320 0.164400 -0.013680
0.231520 0.153760 -0.028320
0.239360 0.143040 -0.046560
0.243040 0.129600 -0.067600
0.245040 0.109280 -0.088160
0.246000 0.087040 -0.104240
0.240400 0.064000 -0.121840
0.227040 0.027920 -0.141760
0.215760 0.002400 -0.149360
0.203680 -0.021120 -0.152640
0.191040 -0.042560 -0.152480
0.172320 -0.061600 -0.153200
0.152400 -0.080640 -0.150800
0.124080 -0.105840 -0.141840
0.106400 -0.116880 -0.134560
0.090960 -0.126000 -0.125520
0.077680 -0.134880 -0.113040
0.073200 -0.143680 -0.099120
0.075200 -0.149760 -0.083920
0.081760 -0.153440 -0.071920
0.107680 -0.149280 -0.062480
0.132240 -0.139280 -0.057920
0.154000 -0.123840 -0.055120
0.168000 -0.104000 -0.056240
0.176560 -0.083200 -0.058880
0.179680 -0.063760 -0.058000
0.177600 -0.047680 -0.058480
0.172560 -0.038880 -0.059040
0.168160 -0.041520 -0.065040
0.166000 -0.048160 -0.075520
0.163520 -0.052480 -0.090720
0.160000 -0.052800 -0.109360
0.151840 -0.049760 -0.127440
0.141920 -0.041040 -0.147200
0.112640 -0.021920 -0.171360
0.081040 -0.009040 -0.180720
0.048480 0.005040 -0.180160
0.019040 0.019280 -0.173200
-0.003040 0.032000 -0.163520
-0.017920 0.045040 -0.152480
-0.030160 0.061680 -0.136240
-0.044960 0.092720 -0.102080
-0.045520 0.112320 -0.080800
-0.044560 0.125360 -0.061440
-0.042560 0.136160 -0.040240
-0.037360 0.146080 -0.016720
-0.026000 0.155840 0.004640
-0.010320 0.165360 0.023120
0.017840 0.173600 0.052560
0.034560 0.174240 0.070320
0.057040 0.171520 0.088800
0.090000 0.164400 0.106880
0.126800 0.147920 0.123280
0.177760 0.116400 0.130800
0.195040 0.104000 0.127520
0.203440 0.101200 0.123520
0.211600 0.101840 0.117600
0.218160 0.099600 0.113440
0.225440 0.089280 0.112480
0.233760 0.075040 0.110000
0.242880 0.064560 0.102960
0.256640 0.051600 0.087520
0.264800 0.043600 0.075840
0.270960 0.038800 0.065760
0.275600 0.031600 0.053600
0.279280 0.021520 0.041040
0.281920 0.008720 0.024000
0.281280 -0.008800 -0.003040
0.277280 -0.020720 -0.017200
0.269200 -0.036400 -0.031600
0.260160 -0.050400 -0.044320
0.251120 -0.060800 -0.053520
0.244880 -0.066320 -0.060960
0.236000 -0.079360 -0.057840
0.226480 -0.094000 -0.048560
0.211920 -0.110880 -0.038000
0.195440 -0.125440 -0.025200
0.185200 -0.133280 -0.004560
0.182720 -0.134080 0.025520
0.178720 -0.127840 0.058320
0.166880 -0.119920 0.084480
0.154240 -0.099360 0.118000
0.150880 -0.077520 0.135360
0.148880 -0.065440 0.143360
0.147680 -0.055120 0.146960
0.143120 -0.050240 0.148720
0.134640 -0.047440 0.149600
0.128800 -0.047840 0.148800
0.123520 -0.051440 0.146000
0.117440 -0.057360 0.141360
0.109040 -0.064560 0.136160
0.102880 -0.070800 0.130960
0.100560 -0.077440 0.125120
0.096160 -0.084880 0.115280
0.096160 -0.088720 0.110160
0.099600 -0.092400 0.103200
0.106880 -0.096560 0.094320
0.120240 -0.096560 0.084160
0.136560 -0.093600 0.071840
0.151840 -0.090000 0.060080
0.162720 -0.088160 0.048080
0.181280 -0.087840 0.026160
0.194400 -0.090880 0.006880
0.204480 -0.094000 -0.017440
0.209680 -0.095520 -0.046800
0.209520 -0.092880 -0.074320
0.200000 -0.081200 -0.117040
0.181760 -0.073760 -0.142640
0.158800 -0.071360 -0.158240
0.139040 -0.073520 -0.166400
0.120240 -0.077280 -0.168480
0.102960 -0.080240 -0.171120
0.092480 -0.082560 -0.170960
0.092720 -0.086960 -0.168080
0.101920 -0.089040 -0.166720
0.116880 -0.085680 -0.167520
0.131920 -0.073920 -0.171280
0.151280 -0.052960 -0.175520
0.178240 -0.025440 -0.172080
0.205840 0.011520 -0.162480
0.244800 0.070960 -0.118160
0.257440 0.100480 -0.079040
0.260560 0.119840 -0.038640
0.255760 0.127200 0.012480
0.244160 0.119360 0.061760
0.228640 0.106720 0.094240
0.203440 0.081760 0.129280
0.187920 0.061760 0.146720
0.171440 0.038240 0.159600
0.154560 0.014320 0.168800
0.138240 -0.009200 0.170880
0.125520 -0.030880 0.171280
0.119760 -0.047760 0.168240
0.113920 -0.065120 0.163440
0.112000 -0.068960 0.163120
0.114480 -0.065360 0.164640
0.115440 -0.061360 0.166640
0.118080 -0.057760 0.167760
0.122560 -0.047040 0.170640
0.126320 -0.030800 0.174560
0.126480 -0.016080 0.176560
0.126240 -0.009760 0.176880
0.127360 -0.004480 0.176640
0.126240 0.001440 0.177520
0.116720 0.009280 0.178720
0.102720 0.019120 0.178960
0.086480 0.041200 0.176400
0.076480 0.056160 0.172800
0.067760 0.067520 0.168160
0.061680 0.076640 0.163920
0.056720 0.081760 0.159920
0.053520 0.088320 0.155920
0.050480 0.095200 0.150560
0.047600 0.110800 0.140240
0.047600 0.123440 0.130240
0.048560 0.135760 0.119280
0.050480 0.147120 0.109600
0.058720 0.157920 0.098320
0.077360 0.168000 0.090240
0.112640 0.173280 0.082400
0.139840 0.173520 0.073520
0.160240 0.172560 0.064400
0.176320 0.170640 0.055760
0.191040 0.161360 0.054480
0.205120 0.149120 0.056720
0.220240 0.131840 0.060080
0.236160 0.109600 0.059760
0.241200 0.095440 0.064800
0.240240 0.083120 0.077200
0.238880 0.068880 0.086720
0.237440 0.048720 0.093920
0.234080 0.021840 0.097920
0.230800 -0.008160 0.096480
0.221920 -0.040080 0.087120
0.202320 -0.089120 0.071520
0.195840 -0.108320 0.047200
0.196880 -0.113520 0.023600
0.202720 -0.111600 0.000960
0.210960 -0.105600 -0.013600
0.221520 -0.096720 -0.023600
0.231120 -0.088160 -0.029120
0.244400 -0.074000 -0.038880
0.258000 -0.051600 -0.054320
0.267040 -0.026560 -0.072560
0.268560 0.000160 -0.093840
0.261440 0.023200 -0.119280
0.241920 0.045760 -0.145840
0.190880 0.054160 -0.181360
0.163200 0.034400 -0.194240
0.142480 0.007040 -0.198640
0.122080 -0.015120 -0.197120
0.116080 -0.032080 -0.192880
0.119440 -0.039120 -0.188240
0.119200 -0.039200 -0.186800
0.131680 -0.031360 -0.185840
0.148720 -0.015680 -0.184480
0.160080 0.011040 -0.184640
0.172480 0.045520 -0.179360
0.189920 0.083440 -0.161120
0.228240 0.122720 -0.105520
0.239040 0.144160 -0.063280
0.224560 0.168400 -0.020960
0.205280 0.178640 0.026000
0.187360 0.171280 0.070160
0.168560 0.150000 0.112080
0.152880 0.116000 0.145280
0.144320 0.077120 0.165680
0.151200 0.020480 0.174240
0.167440 -0.013520 0.166240
0.187120 -0.040480 0.148560
0.200960 -0.064960 0.124800
0.212400 -0.087280 0.096800
0.220800 -0.099600 0.066160
0.233280 -0.102960 0.027440
0.239200 -0.098800 0.006720
0.247280 -0.090480 -0.012640
0.254960 -0.077760 -0.028960
0.262640 -0.060800 -0.042800
0.270560 -0.040000 -0.054240
0.279520 -0.002000 -0.064960
0.282400 0.018720 -0.071920
0.280320 0.034560 -0.084160
0.274560 0.047120 -0.099920
0.265760 0.060400 -0.116000
0.254560 0.081920 -0.126560
0.241680 0.110080 -0.127600
0.228800 0.132800 -0.125040
0.213520 0.152000 -0.121600
0.204640 0.156080 -0.124640
0.191040 0.146880 -0.143600
0.167760 0.128800 -0.168400
0.132160 0.103120 -0.190080
0.082400 0.065040 -0.204160
0.061520 0.040160 -0.204880
0.050000 0.013040 -0.204320
0.048800 -0.019360 -0.201040
0.057040 -0.055040 -0.191680
0.068320 -0.079520 -0.180160
0.080000 -0.092480 -0.170960
0.099920 -0.105600 -0.157360
0.111840 -0.112880 -0.146720
0.117520 -0.118320 -0.137280
0.121520 -0.122880 -0.126000
0.128240 -0.129520 -0.111840
0.136720 -0.135600 -0.086640
0.148960 -0.134640 -0.062160
0.160400 -0.127120 -0.048240
0.168000 -0.112880 -0.052320
0.169040 -0.105280 -0.062240
0.169680 -0.101200 -0.071520
0.173040 -0.098560 -0.074960
0.177040 -0.099360 -0.072480
0.181040 -0.108960 -0.058480
0.175680 -0.120240 -0.054480
0.168560 -0.132000 -0.046240
0.159360 -0.143760 -0.031840
0.147760 -0.154240 -0.010640
0.132560 -0.161360 0.012880
0.112080 -0.166400 0.027840
0.079520 -0.167520 0.047440
0.055840 -0.163520 0.059440
0.033920 -0.157520 0.067280
0.012000 -0.148400 0.070560
-0.015840 -0.138960 0.066240
-0.044960 -0.124560 0.048800
-0.072240 -0.101440 0.018560
-0.092160 -0.060560 -0.032720
-0.094160 -0.038560 -0.050080
-0.093920 -0.018880 -0.061440
-0.091440 0.000800 -0.071040
-0.083840 0.015920 -0.086320
-0.072160 0.027920 -0.102640
-0.049680 0.046880 -0.126320
-0.032480 0.059200 -0.140080
-0.013040 0.076080 -0.149920
0.006080 0.094160 -0.152640
0.028000 0.113760 -0.152400
0.055760 0.129360 -0.149680
0.085120 0.141760 -0.144640
0.131360 0.152320 -0.130160
0.158640 0.152800 -0.117120
0.182720 0.154560 -0.100000
0.203680 0.150400 -0.079520
0.225360 0.139600 -0.056160
0.242960 0.121360 -0.032160
0.254480 0.089680 0.000880
0.255280 0.065280 0.023760
0.253280 0.036720 0.040000
0.250080 0.013920 0.049040
0.245280 -0.003280 0.056480
0.240320 -0.013600 0.067680
0.228240 -0.030800 0.083600
0.222480 -0.047280 0.086640
0.217680 -0.062000 0.084480
0.214880 -0.070400 0.083040
0.212320 -0.075600 0.084880
0.208720 -0.076400 0.090240
0.205840 -0.077280 0.094960
0.201520 -0.078960 0.098560
0.193840 -0.081040 0.106000
0.187200 -0.077040 0.116880
0.181200 -0.065840 0.130000
0.175840 -0.051280 0.143360
0.169200 -0.036400 0.153120
0.163040 -0.002400 0.164400
0.153600 0.026000 0.168800
0.140080 0.057520 0.168960
0.122320 0.088480 0.162160
0.104320 0.115680 0.150080
0.086640 0.139280 0.132560
0.068640 0.158160 0.110480
0.041920 0.178800 0.070560
0.024000 0.182720 0.041200
0.007200 0.181120 0.008400
-0.007280 0.173920 -0.021840
-0.020320 0.160720 -0.050640
-0.030000 0.142080 -0.078000
-0.036080 0.120080 -0.103520
-0.038240 0.094960 -0.122960
-0.040480 0.055600 -0.142960
-0.040240 0.029600 -0.150000
-0.038960 0.002960 -0.153440
-0.033440 -0.023440 -0.155920
-0.024880 -0.049600 -0.154400
-0.013200 -0.072000 -0.152080
0.009360 -0.103040 -0.143200
0.024000 -0.120240 -0.132640
0.041760 -0.134880 -0.120640
0.060960 -0.145600 -0.108880
0.078400 -0.152080 -0.094960
0.094960 -0.155440 -0.080960
0.106560 -0.157200 -0.069840
0.118160 -0.157440 -0.054480
0.123760 -0.158640 -0.040480
0.124880 -0.159120 -0.026800
0.122560 -0.161040 -0.017600
0.118720 -0.162560 -0.011040
0.112800 -0.164880 -0.007280
0.103680 -0.166960 -0.006240
0.088640 -0.169680 -0.008960
0.080400 -0.171680 -0.014640
0.072720 -0.172000 -0.024640
0.066000 -0.171040 -0.036080
0.060720 -0.168880 -0.049120
0.058320 -0.161040 -0.073360
0.060000 -0.153200 -0.092000
0.063360 -0.141840 -0.111600
0.071840 -0.127040 -0.130320
0.084800 -0.109600 -0.146720
0.100160 -0.088640 -0.162640
0.119680 -0.062800 -0.172640
0.137920 -0.038960 -0.178800
0.155600 -0.011760 -0.180080
0.160960 0.004320 -0.181280
0.168320 0.023440 -0.178400
0.183200 0.041200 -0.169920
0.198960 0.057520 -0.157040
0.218880 0.080800 -0.133920
0.230880 0.092160 -0.115600
0.240400 0.101040 -0.097520
0.247360 0.108960 -0.080080
0.252560 0.112960 -0.064240
0.256560 0.116080 -0.049920
0.258400 0.118800 -0.034400
0.262160 0.117920 -0.010080
0.264160 0.113920 0.004480
0.264640 0.107200 0.021840
0.264720 0.099440 0.037360
0.262560 0.091920 0.053920
0.259120 0.083280 0.069360
0.252960 0.073440 0.084400
0.247920 0.051760 0.107840
0.230640 0.036720 0.122560
0.220480 0.021840 0.132320
0.214800 0.007280 0.136320
0.207840 -0.003680 0.139600
0.201920 -0.013040 0.141680
0.194560 -0.020800 0.145120
0.191520 -0.024640 0.148240
0.187120 -0.026000 0.149840
0.184480 -0.025920 0.151840
0.184480 -0.020240 0.153840
0.185920 -0.012480 0.155760
0.191120 -0.002800 0.154240
0.198960 0.023840 0.151920
0.203280 0.051280 0.148000
0.202800 0.085360 0.138160
0.198960 0.119680 0.123280
0.189680 0.151120 0.103600
0.179760 0.176400 0.078160
0.170080 0.194240 0.048960
0.150560 0.211280 -0.007200
0.136160 0.211360 -0.046640
0.120320 0.204880 -0.077840
0.106320 0.195360 -0.101360
0.094480 0.184320 -0.118240
0.083440 0.172480 -0.134160
0.062800 0.144880 -0.157760
0.049840 0.124560 -0.169680
0.038960 0.103360 -0.179360
0.031040 0.082000 -0.185440
0.025360 0.059200 -0.192240
0.024000 0.035040 -0.195680
0.023200 0.012480 -0.195840
0.023520 -0.021760 -0.194160
0.027760 -0.043840 -0.189520
0.032720 -0.064800 -0.184160
0.039920 -0.085040 -0.176320
0.052080 -0.101120 -0.166720
0.067200 -0.114720 -0.158720
0.082960 -0.122080 -0.149680
0.111120 -0.125840 -0.140320
0.129600 -0.120480 -0.135520
0.145840 -0.114240 -0.130880
0.156800 -0.104000 -0.130800
0.163920 -0.094160 -0.133280
0.167760 -0.078400 -0.138960
0.164080 -0.070720 -0.145520
0.158880 -0.064800 -0.150160
0.151360 -0.059600 -0.156080
0.142000 -0.052800 -0.163440
0.131840 -0.044720 -0.169680
0.120720 -0.035920 -0.173920
0.112880 -0.026000 -0.177680
0.099840 -0.013920 -0.182000
0.090000 -0.005840 -0.184000
0.081200 0.003680 -0.185280
0.071280 0.012800 -0.184880
0.060560 0.020960 -0.184240
0.051040 0.030400 -0.182640
0.035520 0.047600 -0.176480
0.025200 0.059680 -0.171040
0.016400 0.072720 -0.162880
0.009280 0.088320 -0.153760
0.003200 0.104400 -0.141680
0.001920 0.121200 -0.127760
0.003520 0.146320 -0.105280
0.009360 0.160800 -0.089520
0.015680 0.174160 -0.071120
0.022400 0.184640 -0.051360
0.033200 0.193520 -0.030400
0.044880 0.198960 -0.010240
0.058320 0.202160 0.008480
0.075280 0.203920 0.024400
0.102880 0.202720 0.043760
0.125920 0.197600 0.055760
0.150720 0.189760 0.064480
0.175040 0.178960 0.070400
0.195360 0.162640 0.078080
0.214720 0.135920 0.081760
0.243120 0.118880 0.077760
0.254640 0.100320 0.073840
0.265120 0.082400 0.070640
0.270960 0.065840 0.067760
0.274800 0.050240 0.064240
0.277360 0.034320 0.060880
0.278720 0.017760 0.056320
0.278400 -0.007840 0.045120
0.278560 -0.022160 0.033280
0.278320 -0.034320 0.020640
0.276960 -0.043920 0.003520
0.274080 -0.052640 -0.013360
0.266480 -0.062320 -0.032320
0.258320 -0.070640 -0.051520
0.248560 -0.073200 -0.073680
0.245840 -0.068400 -0.087280
0.243680 -0.061280 -0.099840
0.242080 -0.052400 -0.110560
0.240320 -0.042720 -0.120000
0.240160 -0.024080 -0.131120
0.241920 -0.007680 -0.136880
0.244000 0.009760 -0.143360
0.246000 0.027200 -0.145520
0.248480 0.045600 -0.147520
0.249680 0.063600 -0.147840
0.250320 0.083520 -0.147040
0.247040 0.103040 -0.144320
0.236160 0.132240 -0.138240
0.224640 0.149200 -0.132320
0.212880 0.162720 -0.127360
0.198000 0.171680 -0.124400
0.181760 0.177120 -0.124160
0.164960 0.178560 -0.125840
0.150080 0.177600 -0.129760
0.126640 0.172480 -0.135120
0.111920 0.167200 -0.140640
0.095840 0.161280 -0.145600
0.080000 0.150240 -0.153040
0.066560 0.137360 -0.161680
0.049280 0.116320 -0.170640
0.037040 0.101200 -0.174800
0.025120 0.085360 -0.179280
0.018000 0.069440 -0.181760
0.015760 0.054240 -0.183920
0.015680 0.042080 -0.186320
0.015920 0.031040 -0.187120
0.016240 0.021120 -0.188000
0.015040 0.008400 -0.187760
0.013920 0.000320 -0.185040
0.012640 -0.005840 -0.183440
0.012880 -0.011360 -0.180320
0.014080 -0.018320 -0.178480
0.017360 -0.024800 -0.177040
0.020160 -0.032880 -0.171840
0.023120 -0.038880 -0.169760
0.026960 -0.042800 -0.167600
0.027280 -0.045360 -0.163680
0.024800 -0.048080 -0.160960
0.023280 -0.048560 -0.158080
0.018400 -0.051200 -0.153360
0.014080 -0.053280 -0.150720
0.009600 -0.053600 -0.148320
0.006080 -0.054720 -0.145200
0.003520 -0.056720 -0.143920
-0.000880 -0.057840 -0.140080
-0.009040 -0.060240 -0.136080
-0.018160 -0.062240 -0.129440
-0.032000 -0.060800 -0.119360
-0.044320 -0.058480 -0.110080
-0.055280 -0.055360 -0.098320
-0.068720 -0.049120 -0.082160
-0.081520 -0.039600 -0.061280
-0.093840 -0.022480 -0.025280
-0.096480 -0.011280 -0.001040
-0.095360 0.000960 0.019920
-0.089440 0.013600 0.040320
-0.081600 0.027280 0.059040
-0.069760 0.042960 0.076480
-0.054160 0.056880 0.093360
-0.023040 0.078880 0.115520
0.001600 0.090800 0.126480
0.025760 0.099520 0.135120
0.050560 0.108800 0.138400
0.075760 0.116400 0.138640
0.100640 0.123520 0.134880
0.121920 0.128720 0.130000
0.140240 0.133280 0.118720
0.166400 0.141200 0.105360
0.184960 0.144560 0.090560
0.202720 0.143440 0.077040
0.217280 0.140000 0.063760
0.227520 0.135760 0.052480
0.242640 0.130000 0.028480
0.249120 0.124880 0.010000
0.255040 0.116000 -0.006400
0.260240 0.105120 -0.019840
0.262960 0.095280 -0.026480
0.266080 0.088480 -0.027040
0.268160 0.084640 -0.025680
0.268880 0.081920 -0.028720
0.268400 0.082480 -0.029920
0.267680 0.084320 -0.029760
0.267440 0.085440 -0.029440
0.266960 0.084400 -0.029120
0.267120 0.082800 -0.024800
0.267040 0.080400 -0.019840
0.266320 0.076960 -0.014640
0.265360 0.072080 -0.011600
0.264400 0.064800 -0.012080
0.263280 0.054880 -0.012000
0.260000 0.044640 -0.010240
0.258000 0.035600 -0.007200
0.253840 0.035280 -0.006240
0.251760 0.035120 -0.004000
0.249600 0.032240 -0.002080
0.248880 0.030720 -0.001600
0.250240 0.032960 -0.004960
0.252320 0.039520 -0.012560
0.254080 0.045680 -0.020400
0.256160 0.052720 -0.032720
0.255600 0.053360 -0.039200
0.255280 0.050960 -0.044240
0.255040 0.048320 -0.047440
0.254320 0.046160 -0.054240
0.252560 0.044960 -0.062400
0.249360 0.044240 -0.074640
0.246880 0.044320 -0.080240
0.244320 0.045840 -0.086000
0.242160 0.049360 -0.091040
0.240080 0.053680 -0.095840
0.236000 0.059360 -0.103520
0.223760 0.079440 -0.116160
0.211920 0.099200 -0.120320
0.200080 0.119120 -0.117440
0.189600 0.136320 -0.113840
0.179440 0.148240 -0.109680
0.169360 0.159120 -0.106240
0.156560 0.166880 -0.102720
0.140960 0.175280 -0.099120
0.112560 0.185360 -0.091360
0.092800 0.187520 -0.086880
0.074400 0.187040 -0.084000
0.056800 0.183760 -0.084080
0.043440 0.179520 -0.084640
0.031280 0.174640 -0.086480
0.016880 0.163520 -0.095040
0.008080 0.154160 -0.102960
0.001600 0.145280 -0.111760
-0.002720 0.135520 -0.120160
-0.006400 0.124480 -0.128480
-0.008640 0.112560 -0.138400
-0.009280 0.100000 -0.147120
-0.002480 0.079520 -0.163120
0.005520 0.068240 -0.173280
0.013680 0.058080 -0.180080
0.020800 0.053200 -0.184960
0.024880 0.050240 -0.186640
0.028560 0.047840 -0.187600
0.032640 0.046960 -0.189520
0.039200 0.047440 -0.190240
0.047200 0.051600 -0.189920
0.049280 0.058400 -0.187840
0.049760 0.069840 -0.183920
0.049440 0.085120 -0.178160
0.048320 0.102960 -0.167600
0.048480 0.130800 -0.148480
0.049040 0.146560 -0.133280
0.049840 0.161840 -0.115120
0.051440 0.176720 -0.091600
0.054800 0.188960 -0.063440
0.059760 0.197040 -0.031600
0.068400 0.200240 0.001920
0.075040 0.197840 0.028800
0.082480 0.186560 0.065680
0.087280 0.174320 0.090320
0.092400 0.161680 0.110320
0.095280 0.149120 0.123840
0.099920 0.133920 0.138160
0.106880 0.115280 0.151920
0.118560 0.093360 0.163040
0.136560 0.077280 0.167040
0.145920 0.080880 0.163360
0.150720 0.086160 0.159520
0.152720 0.092240 0.155600
0.152560 0.098480 0.152160
0.144080 0.105360 0.150960
0.132400 0.108720 0.150480
0.119360 0.114480 0.148560
0.109280 0.116640 0.147280
0.102560 0.115840 0.148240
0.093440 0.115120 0.148480
0.083760 0.112400 0.148720
0.075200 0.107920 0.149920
0.059440 0.101040 0.151200
0.046080 0.096080 0.149040
0.032080 0.090560 0.147200
0.019920 0.083440 0.144960
0.009680 0.075040 0.142080
0.000160 0.063520 0.141360
-0.014640 0.042800 0.137200
-0.022320 0.028320 0.133680
-0.029840 0.014320 0.129280
-0.036320 -0.001520 0.123360
-0.044400 -0.017520 0.113760
-0.050640 -0.031680 0.103280
-0.056880 -0.052800 0.086640
-0.059680 -0.065120 0.073280
-0.061040 -0.077360 0.059120
-0.062560 -0.087760 0.039680
-0.064560 -0.094160 0.018560
-0.064000 -0.097040 -0.001120
-0.062320 -0.098240 -0.022160
-0.053520 -0.097840 -0.056080
-0.043840 -0.095520 -0.079120
-0.030400 -0.090160 -0.103040
-0.012720 -0.085040 -0.123280
0.006240 -0.078960 -0.139920
0.025600 -0.074400 -0.151600
0.054640 -0.066160 -0.162800
0.072720 -0.058800 -0.167840
0.088720 -0.051680 -0.170320
0.110560 -0.043120 -0.170720
0.136080 -0.037040 -0.167520
0.155520 -0.034960 -0.160240
0.168560 -0.037920 -0.153440
0.174880 -0.049440 -0.145680
0.175520 -0.057680 -0.141040
0.176400 -0.066560 -0.134720
0.175360 -0.074960 -0.131440
0.170640 -0.082400 -0.131680
0.169040 -0.086880 -0.130240
0.171280 -0.095200 -0.121600
0.177200 -0.093680 -0.119680
0.170800 -0.094960 -0.125120
0.167360 -0.096320 -0.129200
0.165920 -0.098320 -0.129520
0.160400 -0.100320 -0.133840
0.140160 -0.103680 -0.143200
0.129520 -0.104720 -0.146160
0.117280 -0.104560 -0.149040
0.105840 -0.101680 -0.152400
0.094400 -0.097040 -0.157520
0.088080 -0.090560 -0.162080
0.084800 -0.086080 -0.163760
0.083920 -0.080880 -0.166960
0.084560 -0.077760 -0.168000
0.087600 -0.077520 -0.167360
0.092720 -0.075440 -0.168400
0.102080 -0.072080 -0.169200
0.115840 -0.068480 -0.168720
0.130480 -0.061120 -0.168800
0.143440 -0.052720 -0.168800
0.164160 -0.038000 -0.167120
0.176240 -0.023440 -0.164960
0.188720 -0.006080 -0.161280
0.194960 0.012160 -0.160080
0.201120 0.035600 -0.154000
0.204240 0.048640 -0.150000
0.207120 0.060720 -0.145520
0.209200 0.074240 -0.140000
0.211840 0.086880 -0.133360
0.214800 0.098160 -0.125680
0.214960 0.108160 -0.120160
0.216960 0.114960 -0.114320
0.222720 0.119600 -0.104960
0.227440 0.122480 -0.096480
0.229280 0.127840 -0.088240
0.230080 0.133680 -0.078960
0.228240 0.141280 -0.067760
0.225120 0.149600 -0.056160
0.216880 0.162160 -0.033280
0.210720 0.168400 -0.015680
0.203680 0.172640 0.001600
0.195600 0.174400 0.020880
0.187600 0.172560 0.040240
0.182880 0.168000 0.058640
0.173440 0.155600 0.086160
0.166240 0.146400 0.101120
0.162080 0.136720 0.113520
0.159920 0.126160 0.122880
0.155120 0.114480 0.132800
0.150400 0.099200 0.143280
0.146480 0.082560 0.152960
0.145280 0.066960 0.158880
0.144240 0.043680 0.164000
0.146480 0.028960 0.166320
0.149200 0.013360 0.166080
0.151680 -0.003360 0.164480
0.154480 -0.018560 0.160720
0.158640 -0.031440 0.156320
0.165200 -0.049120 0.147840
0.169600 -0.059440 0.139600
0.175680 -0.067680 0.131680
0.180320 -0.076960 0.123360
0.184560 -0.083840 0.115280
0.188560 -0.088480 0.106640
0.191760 -0.091120 0.099920
0.198880 -0.090400 0.094480
0.203440 -0.085680 0.094320
0.207200 -0.080080 0.096800
0.207360 -0.072320 0.104320
0.206720 -0.058800 0.114320
0.205920 -0.040800 0.124560
0.203840 -0.017360 0.134000
0.198080 0.010640 0.144400
0.180640 0.059360 0.150800
0.166400 0.091280 0.145520
0.153920 0.119600 0.134560
0.141920 0.144960 0.118960
0.130400 0.167280 0.096800
0.115280 0.191360 0.057360
0.108080 0.201440 0.029360
0.103520 0.206720 0.000400
0.098560 0.206160 -0.031040
0.093760 0.199840 -0.063840
0.087360 0.189760 -0.091520
0.079520 0.176560 -0.112960
0.070160 0.160960 -0.132000
0.058320 0.122080 -0.163920
0.056880 0.083440 -0.184160
0.064720 0.046000 -0.196240
0.069440 0.017280 -0.199760
0.071280 -0.009200 -0.198400
0.073600 -0.035200 -0.192320
0.081520 -0.059360 -0.185200
0.096400 -0.095520 -0.164080
0.104560 -0.113760 -0.147200
0.108960 -0.122880 -0.134960
0.115360 -0.127040 -0.125360
0.124400 -0.127760 -0.118080
0.135600 -0.124160 -0.111360
0.144880 -0.119600 -0.108000
0.154720 -0.113520 -0.103600
0.164240 -0.106720 -0.098560
0.167840 -0.101440 -0.098080
0.167920 -0.098320 -0.098880
0.166240 -0.095600 -0.102400
0.167920 -0.093840 -0.104080
0.170960 -0.090320 -0.104400
0.173040 -0.087680 -0.106800
0.172560 -0.086880 -0.109600
0.171520 -0.085520 -0.110880
0.170880 -0.089680 -0.107040
0.169680 -0.097280 -0.100800
0.165360 -0.111280 -0.089040
0.163280 -0.120640 -0.077440
0.160960 -0.127440 -0.064560
0.158080 -0.133600 -0.053520
0.154560 -0.137520 -0.044320
0.151280 -0.140720 -0.032800
0.150640 -0.141280 -0.014800
0.150320 -0.140880 -0.004240
0.150240 -0.139440 0.008080
0.148160 -0.138560 0.020000
0.146400 -0.135520 0.031760
0.144720 -0.131680 0.042080
0.144080 -0.128160 0.050960
0.144960 -0.123040 0.062480
0.149920 -0.111440 0.070640
0.153120 -0.102960 0.079040
0.153520 -0.095600 0.088000
0.152800 -0.092480 0.093280
0.151200 -0.092320 0.097040
0.147040 -0.093600 0.103680
0.145440 -0.094400 0.104960
0.142560 -0.094160 0.107520
0.139120 -0.091440 0.113920
0.139520 -0.083840 0.119760
0.145040 -0.076640 0.123280
0.154480 -0.070960 0.123120
0.165520 -0.066160 0.122160
0.177040 -0.063680 0.117200
0.192800 -0.060560 0.108800
0.209200 -0.059120 0.093040
0.222000 -0.058640 0.074240
0.231360 -0.057280 0.055600
0.238240 -0.054320 0.040880
0.240320 -0.050160 0.029840
0.242880 -0.050160 0.021440
0.244560 -0.047440 0.011040
0.247120 -0.044240 0.001920
0.249360 -0.038480 -0.006160
0.252400 -0.031920 -0.009920
0.254800 -0.022000 -0.012960
0.254480 -0.019440 -0.019040
0.254160 -0.017920 -0.023920
0.252160 -0.018080 -0.031680
0.249120 -0.019200 -0.039520
0.245600 -0.021680 -0.047280
0.243360 -0.021840 -0.053280
0.240560 -0.018720 -0.058160
0.238960 -0.017600 -0.061520
0.233840 -0.017520 -0.070400
0.224880 -0.019360 -0.085360
0.213920 -0.023520 -0.103120
0.199440 -0.028240 -0.120880
0.184480 -0.033440 -0.137200
0.166080 -0.043040 -0.151280
0.160800 -0.045680 -0.154320
0.157760 -0.042240 -0.158400
0.148240 -0.038800 -0.165280
0.133520 -0.036560 -0.171920
0.117280 -0.034880 -0.180080
0.095440 -0.028000 -0.184000
0.077360 -0.020320 -0.186000
0.057520 -0.010080 -0.187120
0.039920 0.004480 -0.184080
0.024880 0.019360 -0.180640
0.015200 0.035520 -0.175840
0.003520 0.053280 -0.166320
-0.013520 0.083760 -0.144960
-0.019120 0.103280 -0.127440
-0.019360 0.123520 -0.110080
-0.015600 0.141040 -0.089680
-0.011680 0.154960 -0.069600
-0.003520 0.171760 -0.035760
0.005280 0.177360 -0.011760
0.012640 0.181360 0.007680
0.021760 0.183200 0.023520
0.031040 0.184800 0.038240
0.041200 0.183440 0.051360
0.055600 0.182640 0.065760
0.075840 0.179040 0.088720
0.101680 0.170320 0.100720
0.113520 0.162640 0.108640
0.124480 0.154480 0.116640
0.136480 0.146720 0.121840
0.149440 0.138800 0.125520
0.159680 0.130800 0.127600
0.169600 0.122560 0.129760
0.185520 0.106160 0.131920
0.196080 0.097840 0.130400
0.205760 0.093680 0.125680
0.214800 0.092880 0.118160
0.223920 0.093040 0.108480
0.233680 0.098080 0.095840
0.245360 0.108560 0.069520
0.252160 0.116400 0.046960
0.254960 0.123840 0.024400
0.255600 0.128880 0.003600
0.254400 0.131200 -0.016800
0.253280 0.130880 -0.034480
0.249280 0.130640 -0.053280
0.240400 0.127760 -0.084720
0.232800 0.120960 -0.102880
0.226240 0.111680 -0.120160
0.221760 0.101200 -0.131360
0.215920 0.091760 -0.142480
0.206720 0.082800 -0.154000
0.195440 0.072000 -0.165520
0.180800 0.056480 -0.176960
0.155920 0.030800 -0.190960
0.138000 0.017520 -0.195920
0.123920 0.006960 -0.198640
0.108880 -0.001760 -0.200160
0.094640 -0.013760 -0.199280
0.084640 -0.040480 -0.193520
0.083280 -0.059600 -0.186480
0.082480 -0.081120 -0.175760
0.082400 -0.098320 -0.165680
0.080880 -0.113040 -0.156640
0.073760 -0.124800 -0.149040
0.068880 -0.135200 -0.140320
0.066560 -0.143200 -0.133840
0.067520 -0.156720 -0.120320
0.071280 -0.164320 -0.110080
0.075920 -0.169600 -0.101840
0.081440 -0.173840 -0.091920
0.086160 -0.177840 -0.082240
0.092160 -0.179280 -0.074640
0.102000 -0.180160 -0.067680
0.126160 -0.177520 -0.055920
0.142320 -0.172160 -0.051600
0.156160 -0.165040 -0.050320
0.170560 -0.154880 -0.047360
0.184560 -0.143840 -0.044880
0.198240 -0.124720 -0.040960
0.201600 -0.114880 -0.038800
0.200880 -0.108320 -0.039440
0.197760 -0.101520 -0.040960
0.196320 -0.094880 -0.041040
0.190880 -0.094240 -0.042480
0.182080 -0.097440 -0.045200
0.172560 -0.101440 -0.048160
0.163040 -0.101840 -0.054240
0.157280 -0.103520 -0.056160
0.153520 -0.107120 -0.056640
0.150080 -0.109680 -0.055760
0.146640 -0.112480 -0.056560
0.144320 -0.112640 -0.062480
0.142560 -0.112000 -0.066240
0.142480 -0.113600 -0.069040
0.139760 -0.115920 -0.072480
0.137680 -0.116000 -0.078400
0.135040 -0.113520 -0.089440
0.130240 -0.108720 -0.102640
0.132720 -0.099600 -0.116320
0.137920 -0.091440 -0.123120
0.142320 -0.083200 -0.130880
0.144960 -0.077200 -0.136160
0.152320 -0.072880 -0.137120
0.161840 -0.069280 -0.134400
0.172800 -0.063120 -0.131600
0.184880 -0.056080 -0.126800
0.200400 -0.047360 -0.115040
0.212480 -0.042800 -0.100560
0.221120 -0.039040 -0.086640
0.227120 -0.036640 -0.073520
0.231280 -0.035360 -0.062480
0.235520 -0.036080 -0.051840
0.238000 -0.035440 -0.043440
0.240560 -0.035040 -0.035920
0.240800 -0.036480 -0.027040
0.241200 -0.037360 -0.017440
0.239280 -0.040240 -0.006720
0.237360 -0.043280 0.003920
0.233600 -0.047600 0.021360
0.231120 -0.048080 0.036000
0.227120 -0.046880 0.048400
0.223520 -0.047920 0.060720
0.218240 -0.049600 0.070640
0.214000 -0.051760 0.080880
0.207680 -0.053440 0.089280
0.202640 -0.054640 0.095920
0.196320 -0.059840 0.103360
0.192960 -0.060640 0.106000
0.190080 -0.060960 0.110560
0.187520 -0.061920 0.113040
0.182160 -0.065680 0.115920
0.173360 -0.072720 0.119200
0.167520 -0.076560 0.123200
0.159680 -0.076880 0.126480
0.153520 -0.077840 0.129920
0.147360 -0.078640 0.132240
0.140560 -0.079120 0.135440
0.134400 -0.079840 0.137440
0.127920 -0.079600 0.138400
0.125280 -0.077920 0.141520
0.122880 -0.075360 0.142720
0.118880 -0.072160 0.144800
0.114800 -0.071040 0.146880
0.110160 -0.072320 0.147440
0.102080 -0.076240 0.146240
0.097200 -0.077920 0.145760
0.094240 -0.077840 0.146240
0.094080 -0.074000 0.147440
0.094480 -0.068480 0.150480
0.093760 -0.060160 0.154800
0.096640 -0.053200 0.156080
0.102320 -0.044880 0.158640
0.105440 -0.040160 0.159040
0.108160 -0.039440 0.157920
0.111040 -0.042960 0.156720
0.111120 -0.048800 0.153680
0.111360 -0.053040 0.152800
0.110960 -0.060480 0.149040
0.110160 -0.076240 0.140640
0.106640 -0.087120 0.135520
0.100960 -0.097280 0.127520
0.091120 -0.110320 0.118800
0.077520 -0.122320 0.109760
0.055840 -0.136480 0.090720
0.043280 -0.143440 0.078640
0.032480 -0.148720 0.064240
0.021200 -0.153520 0.046320
0.009680 -0.155840 0.021600
-0.001040 -0.154000 -0.006160
-0.009360 -0.147760 -0.038080
-0.016080 -0.121120 -0.092480
-0.009680 -0.092720 -0.127120
0.005120 -0.062080 -0.155440
0.023120 -0.034560 -0.172160
0.034720 -0.015280 -0.180160
0.040640 -0.002080 -0.183680
0.047520 0.005120 -0.186880
0.053840 0.012560 -0.187920
0.067360 0.028880 -0.189600
0.075520 0.042080 -0.188880
0.086240 0.054080 -0.188400
0.096400 0.065520 -0.186880
0.105600 0.073520 -0.183840
0.115120 0.077840 -0.182000
0.133680 0.084960 -0.176960
0.149760 0.088320 -0.171600
0.165120 0.088480 -0.165680
0.180160 0.086560 -0.158400
0.195360 0.085440 -0.149840
0.208080 0.083680 -0.140000
0.220640 0.080000 -0.128800
0.236480 0.072400 -0.114000
0.244480 0.065840 -0.105440
0.250240 0.058080 -0.096560
0.256160 0.048720 -0.088320
0.260560 0.037040 -0.081280
0.261760 0.024960 -0.075440
0.263440 0.012240 -0.068160
0.263120 -0.005920 -0.051200
0.261280 -0.018080 -0.043120
0.257840 -0.030960 -0.037360
0.253360 -0.043040 -0.027360
0.247920 -0.055200 -0.017040
0.237520 -0.074320 -0.001120
0.229520 -0.084800 0.008480
0.221760 -0.093920 0.018800
0.215280 -0.099600 0.029680
0.207520 -0.104880 0.041280
0.201760 -0.107680 0.052880
0.194960 -0.109440 0.066320
0.187520 -0.109200 0.077280
0.174640 -0.109840 0.090960
0.165840 -0.112880 0.096240
0.156320 -0.116160 0.098720
0.148320 -0.115600 0.103520
0.143680 -0.112800 0.109200
0.139360 -0.108560 0.115440
0.133440 -0.103520 0.122400
0.130000 -0.098800 0.126960
0.125920 -0.090880 0.134880
0.124480 -0.082560 0.140960
0.124720 -0.072640 0.148480
0.122400 -0.061120 0.154000
0.114720 -0.045600 0.162480
0.111520 -0.034560 0.165920
0.108560 -0.023360 0.168240
0.107760 -0.012880 0.169840
0.109040 0.000640 0.171200
0.112480 0.015280 0.170320
0.118560 0.026880 0.168480
0.124720 0.038480 0.166320
0.137920 0.053920 0.159520
0.146320 0.058640 0.155440
0.156080 0.059920 0.150000
0.166160 0.059760 0.145040
0.176800 0.056320 0.139840
0.181040 0.050000 0.136560
0.181520 0.049360 0.135920
0.183040 0.046560 0.133760
0.182960 0.039040 0.133360
0.180240 0.030480 0.133840
0.179680 0.021360 0.135120
0.181600 0.012480 0.132880
0.181360 0.003920 0.132640
0.179840 -0.002640 0.133120
0.178240 -0.011440 0.131600
0.175600 -0.022880 0.131280
0.172480 -0.035680 0.126560
0.168640 -0.045040 0.125120
0.164720 -0.051600 0.123040
0.158960 -0.061040 0.121360
0.156640 -0.065760 0.119200
0.150720 -0.071200 0.121040
0.141120 -0.079200 0.120000
0.131040 -0.085840 0.119920
0.124640 -0.090560 0.119520
0.112080 -0.098800 0.118560
0.099360 -0.103520 0.117920
0.088080 -0.106640 0.117120
0.080880 -0.107600 0.117360
0.073120 -0.107040 0.117920
0.064480 -0.106400 0.118560
0.056960 -0.104160 0.120080
0.040080 -0.096720 0.123840
0.027200 -0.088880 0.126640
0.014720 -0.079200 0.127600
0.004640 -0.069600 0.128960
-0.001760 -0.060080 0.129840
-0.007840 -0.051360 0.131280
-0.012880 -0.041040 0.130480
-0.021920 -0.026640 0.129120
-0.028560 -0.014720 0.125760
-0.035520 -0.005920 0.122160
-0.042400 -0.000400 0.116480
-0.049520 0.002720 0.109040
-0.058240 0.002080 0.092640
-0.074880 0.001040 0.077120
-0.084560 -0.002400 0.057680
-0.092400 -0.007120 0.037360
-0.097280 -0.011280 0.014800
-0.098720 -0.013200 -0.004720
-0.099440 -0.014000 -0.021040
-0.098560 -0.012320 -0.036000
-0.092480 -0.004160 -0.062640
-0.085440 -0.001520 -0.081200
-0.076960 -0.000800 -0.099200
-0.064960 0.000800 -0.116960
-0.050720 0.005920 -0.133840
-0.033760 0.011680 -0.150160
-0.008800 0.017360 -0.167200
0.008000 0.020880 -0.176160
0.025760 0.020320 -0.183840
0.044400 0.020880 -0.189200
0.064160 0.024800 -0.192880
0.089200 0.030320 -0.195120
0.126240 0.037920 -0.191680
0.135600 0.041120 -0.189520
0.141200 0.039840 -0.189920
0.146160 0.036640 -0.189360
0.156720 0.034320 -0.186640
0.169360 0.032560 -0.182080
0.178960 0.032240 -0.177440
0.185760 0.033360 -0.174000
0.186240 0.032160 -0.174240
0.186880 0.031920 -0.174640
0.188640 0.030240 -0.173840
0.190960 0.027520 -0.172880
0.193680 0.023280 -0.172640
0.193360 0.018560 -0.172960
0.191200 0.013680 -0.174880
0.188160 0.006640 -0.175040
0.185680 -0.002880 -0.177360
0.183120 -0.011360 -0.176560
0.184160 -0.021600 -0.174000
0.186080 -0.032880 -0.169120
0.189600 -0.047200 -0.159440
0.195040 -0.055680 -0.152000
0.201680 -0.064480 -0.140880
0.210160 -0.072560 -0.125440
0.219200 -0.077200 -0.110000
0.226080 -0.080960 -0.096160
0.231520 -0.080320 -0.084160
0.237920 -0.079200 -0.065120
0.244880 -0.078480 -0.051600
0.248000 -0.076480 -0.039840
0.247680 -0.076720 -0.030800
0.247360 -0.077680 -0.025120
0.246080 -0.080560 -0.022000
0.242720 -0.084480 -0.018720
0.240800 -0.088480 -0.019280
0.238400 -0.091040 -0.024880
0.236320 -0.092320 -0.037920
0.232400 -0.092080 -0.058320
0.226240 -0.088720 -0.083760
0.219280 -0.079680 -0.108800
0.214880 -0.067680 -0.126240
0.205840 -0.041120 -0.153040
0.199440 -0.014720 -0.168400
0.195520 0.018080 -0.175920
0.191920 0.049600 -0.176240
0.193280 0.075600 -0.170000
0.195360 0.097600 -0.160480
0.194800 0.117760 -0.149760
0.184720 0.145760 -0.133840
0.175360 0.162080 -0.123120
0.159200 0.175600 -0.113440
0.140480 0.184160 -0.108000
0.121440 0.189440 -0.102080
0.106080 0.192960 -0.095840
0.089440 0.196800 -0.085360
0.081760 0.198240 -0.077680
0.070160 0.197680 -0.069280
0.051760 0.194080 -0.065280
0.033600 0.188720 -0.063440
0.014640 0.180400 -0.058320
-0.002880 0.171680 -0.049520
-0.025280 0.158080 -0.031360
-0.038080 0.146160 -0.017200
-0.051200 0.132480 -0.003680
-0.063440 0.114480 0.009920
-0.072960 0.094480 0.022960
-0.082400 0.067600 0.040080
-0.084160 0.051600 0.048480
-0.084720 0.035200 0.057440
-0.082960 0.017760 0.064800
-0.081600 -0.000560 0.071040
-0.078320 -0.018640 0.075440
-0.073440 -0.034160 0.076720
-0.068240 -0.047600 0.078720
-0.057680 -0.070960 0.080000
-0.047760 -0.086720 0.078880
-0.036960 -0.100880 0.076400
-0.027680 -0.111360 0.075120
-0.018560 -0.119920 0.071360
-0.008800 -0.127760 0.069680
0.002080 -0.135760 0.066560
0.027440 -0.146960 0.060960
0.046240 -0.152640 0.057200
0.066480 -0.154960 0.053040
0.084400 -0.155600 0.050080
0.100160 -0.153920 0.050960
0.119360 -0.149120 0.054400
0.133600 -0.142800 0.059840
0.149280 -0.133680 0.065360
0.163360 -0.121840 0.071680
0.176000 -0.111520 0.077520
0.183120 -0.101520 0.083840
0.189040 -0.091920 0.091120
0.192480 -0.077680 0.102640
0.193360 -0.065360 0.111280
0.194400 -0.052240 0.119120
0.194880 -0.037920 0.126160
0.194160 -0.024960 0.131200
0.192640 -0.014720 0.135360
0.190960 -0.007680 0.138400
0.188240 -0.002000 0.141120
0.182240 0.004320 0.146800
0.172080 0.005360 0.152880
0.160960 0.004160 0.158880
0.154720 0.003360 0.162080
0.151600 0.001360 0.163360
0.147520 0.002880 0.167200
0.141280 0.005600 0.169680
0.139120 0.004800 0.171360
0.137840 0.001200 0.171680
0.139040 -0.007440 0.171600
0.141360 -0.013920 0.169680
0.142240 -0.018240 0.168560
0.144400 -0.026000 0.165760
0.150160 -0.034640 0.161920
0.159680 -0.043120 0.155680
0.168880 -0.046640 0.147840
0.178960 -0.049360 0.140720
0.186640 -0.050720 0.132960
0.198400 -0.053680 0.123280
0.211200 -0.052640 0.110480
0.227200 -0.049120 0.090800
0.236720 -0.045360 0.076240
0.245600 -0.040800 0.060320
0.251760 -0.034480 0.044720
0.256240 -0.029600 0.030000
0.259280 -0.027200 0.012320
0.260320 -0.023520 0.003840
0.259280 -0.021440 -0.002320
0.258960 -0.019920 -0.008880
0.258480 -0.021200 -0.016560
0.258400 -0.022800 -0.024560
0.258080 -0.023440 -0.032960
0.256480 -0.025600 -0.046400
0.254640 -0.026640 -0.055760
0.253600 -0.025760 -0.065200
0.252720 -0.024080 -0.074000
0.251440 -0.021520 -0.082480
0.250960 -0.017840 -0.090960
0.250080 -0.006320 -0.102480
0.250000 0.004160 -0.108240
0.248960 0.016160 -0.115360
0.247040 0.029600 -0.121280
0.243440 0.044720 -0.127360
0.237760 0.060480 -0.132160
0.231520 0.075280 -0.135600
0.223680 0.094400 -0.135040
0.218640 0.106000 -0.132480
0.214160 0.118480 -0.130800
0.210320 0.129600 -0.126320
0.204480 0.138720 -0.120960
0.199520 0.149120 -0.115600
0.196240 0.157440 -0.109040
0.188720 0.169360 -0.097520
0.184880 0.175600 -0.089760
0.180480 0.181600 -0.082240
0.172480 0.187680 -0.077040
0.164080 0.192800 -0.072640
0.153920 0.198240 -0.065680
0.149440 0.200240 -0.061680
0.144160 0.202640 -0.058400
0.139520 0.203840 -0.055680
0.133200 0.204800 -0.055760
0.126640 0.206080 -0.057440
0.120080 0.205440 -0.059040
0.112240 0.204880 -0.063520
0.098640 0.203680 -0.067360
0.088720 0.202320 -0.070560
0.077680 0.198880 -0.075360
0.067440 0.193920 -0.080800
0.056400 0.189600 -0.085520
0.044400 0.184080 -0.089360
0.031520 0.176320 -0.093600
0.007520 0.158000 -0.103120
-0.005120 0.144320 -0.109920
-0.016160 0.132320 -0.113520
-0.025600 0.118960 -0.116400
-0.037120 0.101840 -0.118960
-0.046320 0.082640 -0.121840
-0.057600 0.049360 -0.124880
-0.062720 0.026960 -0.125600
-0.065920 0.001440 -0.124560
-0.065280 -0.023520 -0.122160
-0.064000 -0.044240 -0.116080
-0.065680 -0.062480 -0.105120
-0.066160 -0.079040 -0.090480
-0.062400 -0.100480 -0.070000
-0.056080 -0.115040 -0.055280
-0.046720 -0.128880 -0.038960
-0.032640 -0.141200 -0.024800
-0.019120 -0.150000 -0.014880
-0.005440 -0.155920 -0.006480
0.007440 -0.159520 0.002560
0.026320 -0.163200 0.013760
0.038720 -0.163920 0.018480
0.049920 -0.164880 0.021680
0.061200 -0.165040 0.025360
0.073600 -0.164000 0.028000
0.086720 -0.162240 0.031120
0.102560 -0.159920 0.033520
0.112960 -0.156800 0.034000
0.122480 -0.153360 0.037280
0.130640 -0.149760 0.042880
0.139120 -0.145440 0.048160
0.146560 -0.140480 0.054320
0.153680 -0.135440 0.060400
0.162640 -0.128720 0.065120
0.173200 -0.118880 0.073200
0.177920 -0.112400 0.077360
0.185200 -0.104960 0.079520
0.199040 -0.090880 0.080240
0.214880 -0.072480 0.081360
0.227680 -0.049360 0.084960
0.233200 -0.037440 0.085520
0.239280 -0.025040 0.084800
0.243200 -0.014320 0.085120
0.245040 -0.006880 0.086880
0.244480 -0.004640 0.090560
0.243760 -0.005040 0.091840
0.244800 -0.003840 0.094240
0.247680 -0.002560 0.094560
0.248880 0.000000 0.095200
0.250000 0.007280 0.097840
0.250880 0.016560 0.100640
0.250560 0.025840 0.104320
0.247360 0.031040 0.110160
0.242240 0.035760 0.116400
0.233360 0.040320 0.126480
0.229120 0.039760 0.130640
0.223440 0.041680 0.134960
0.216160 0.042800 0.140880
0.209120 0.040960 0.146080
0.204400 0.029760 0.150400
0.204480 0.022160 0.150400
0.203840 0.017520 0.150080
0.202320 0.013440 0.150160
0.201360 0.007360 0.149920
0.201360 0.000640 0.147680
0.202400 -0.003920 0.145840
0.202960 -0.008400 0.144960
0.203040 -0.011920 0.141440
0.200320 -0.010800 0.143360
0.195840 -0.010480 0.144720
0.191280 -0.010160 0.146240
0.185520 -0.008880 0.150160
0.175680 -0.007360 0.154320
0.166640 -0.006320 0.158080
0.160480 -0.008240 0.160320
0.159600 -0.008880 0.160640
0.156480 -0.007360 0.162560
0.152800 -0.005200 0.164640
0.150560 -0.004080 0.166160
0.151440 -0.004560 0.166320
0.151680 -0.005200 0.166960
0.152320 -0.006560 0.167680
0.156000 -0.008800 0.167040
0.162080 -0.013360 0.165200
0.170640 -0.021840 0.160400
0.178800 -0.034720 0.155440
0.186560 -0.048160 0.147280
0.194160 -0.069920 0.133760
0.196560 -0.084720 0.123200
0.195680 -0.099040 0.112400
0.190480 -0.113840 0.100080
0.183040 -0.126400 0.091120
0.171760 -0.136880 0.082480
0.159040 -0.145680 0.075440
0.141280 -0.154160 0.065360
0.129200 -0.157280 0.060800
0.116960 -0.159600 0.059440
0.104800 -0.158400 0.061280
0.094640 -0.157440 0.062480
0.076960 -0.154480 0.064720
0.063600 -0.151440 0.066240
0.048160 -0.148160 0.066800
0.034480 -0.144400 0.065040
0.024400 -0.140880 0.063760
0.016240 -0.137440 0.063440
0.007600 -0.132240 0.064160
-0.002480 -0.126400 0.063920
-0.018400 -0.116640 0.062400
-0.025680 -0.110400 0.062080
-0.031520 -0.103760 0.062720
-0.040080 -0.096640 0.062640
-0.049040 -0.086160 0.062640
-0.060560 -0.069040 0.062480
-0.067120 -0.057840 0.062240
-0.071760 -0.046640 0.063200
-0.075040 -0.033920 0.064320
-0.078160 -0.020400 0.064560
-0.080480 -0.007840 0.062400
-0.082560 0.004080 0.061200
-0.082080 0.023040 0.061120
-0.079520 0.036080 0.060720
-0.078800 0.047920 0.060240
-0.075680 0.057680 0.057200
-0.076560 0.064880 0.053040
-0.075440 0.073200 0.048480
-0.072960 0.083280 0.042640
-0.068160 0.099600 0.032400
-0.064800 0.108320 0.025360
-0.060800 0.116240 0.018000
-0.057440 0.122720 0.013280
-0.053920 0.128160 0.010720
-0.046560 0.137440 0.009760
-0.040960 0.143840 0.008560
-0.035040 0.150400 0.006960
-0.029520 0.155360 0.002800
-0.023680 0.162080 -0.002640
-0.017440 0.166480 -0.007920
-0.012880 0.171040 -0.014800
-0.007440 0.174240 -0.023280
0.002400 0.178560 -0.038240
0.008000 0.180400 -0.047040
0.014400 0.182720 -0.056240
0.018240 0.182560 -0.063440
0.020080 0.181200 -0.068800
0.020080 0.180000 -0.073040
0.021680 0.179760 -0.075280
0.032480 0.181520 -0.083680
0.042240 0.180960 -0.094320
0.053600 0.179040 -0.105680
0.065360 0.176720 -0.114000
0.074400 0.176880 -0.117600
0.087840 0.178320 -0.118640
0.099440 0.180240 -0.118000
0.112000 0.179280 -0.120800
0.124800 0.175840 -0.123840
0.138880 0.171120 -0.127520
0.154320 0.164720 -0.130480
0.170560 0.156720 -0.131680
0.184160 0.148800 -0.131680
0.201680 0.138800 -0.129440
0.212560 0.131520 -0.126480
0.222240 0.123120 -0.123200
0.229680 0.113600 -0.122720
0.236160 0.104160 -0.121440
0.241920 0.094800 -0.118080
0.247840 0.086800 -0.115520
0.250960 0.072320 -0.115040
0.250560 0.060720 -0.119040
0.248960 0.048560 -0.122080
0.247760 0.034800 -0.123920
0.246160 0.020400 -0.123840
0.245360 0.007520 -0.122080
0.244080 -0.012240 -0.117200
0.242000 -0.024960 -0.112720
0.239680 -0.038480 -0.107600
0.236400 -0.051760 -0.100480
0.232400 -0.064880 -0.092240
0.230400 -0.076080 -0.081840
0.228000 -0.085440 -0.069760
0.224880 -0.094800 -0.052000
0.223520 -0.098000 -0.040640
0.222720 -0.101280 -0.027600
0.221680 -0.101920 -0.015520
0.220400 -0.102160 -0.004960
0.218880 -0.101920 0.009360
0.216560 -0.102960 0.018000
0.215120 -0.102560 0.025520
0.213840 -0.102560 0.032800
0.211680 -0.102000 0.039760
0.210160 -0.101920 0.045440
0.208160 -0.102720 0.052320
0.205120 -0.102080 0.058800
0.201840 -0.099440 0.071440
0.199520 -0.097840 0.078480
0.195600 -0.097040 0.084720
0.191920 -0.097600 0.089920
0.187840 -0.097760 0.096080
0.182560 -0.098000 0.101840
0.179440 -0.098160 0.107040
0.173200 -0.097920 0.114000
0.169520 -0.098240 0.116400
0.165600 -0.097760 0.120640
0.161280 -0.097520 0.124560
0.156880 -0.095280 0.128880
0.150640 -0.091440 0.135920
0.148480 -0.089920 0.139520
0.144880 -0.088000 0.142880
0.140640 -0.087200 0.145760
0.137200 -0.085920 0.148320
0.133360 -0.084400 0.150160
0.129600 -0.083360 0.152800
0.127280 -0.081040 0.155440
0.122160 -0.078240 0.158480
0.118480 -0.074640 0.162240
0.114080 -0.071120 0.163760
0.109920 -0.068480 0.166320
0.105360 -0.066080 0.168560
0.102320 -0.065440 0.169280
0.099760 -0.064960 0.170000
0.093200 -0.064000 0.171200
0.088320 -0.060800 0.172640
0.083760 -0.056560 0.174080
0.080800 -0.051520 0.175200
0.076560 -0.047200 0.176160
0.068240 -0.040720 0.176800
0.062320 -0.037280 0.176240
0.056240 -0.033360 0.175760
0.050480 -0.028160 0.173760
0.045680 -0.021440 0.173040
0.043280 -0.014800 0.171920
0.042800 -0.010400 0.169360
0.042000 -0.009680 0.168480
0.042160 -0.009840 0.166480
0.044880 -0.012480 0.166640
0.047840 -0.017120 0.165440
0.053760 -0.025360 0.164560
0.062640 -0.040400 0.162000
0.072640 -0.054480 0.155920
0.081360 -0.066560 0.151360
0.092560 -0.080160 0.142240
0.100800 -0.087040 0.135920
0.107840 -0.094000 0.129760
0.112720 -0.100240 0.123520
0.111280 -0.106240 0.118640
0.102800 -0.114400 0.110880
0.097040 -0.119120 0.106800
0.091840 -0.124000 0.101680
0.084320 -0.127360 0.095680
0.076080 -0.130880 0.089840
0.069120 -0.132640 0.085920
0.062240 -0.134240 0.082000
0.053040 -0.134080 0.077920
0.039280 -0.132880 0.076240
0.028480 -0.130080 0.074640
0.017920 -0.126240 0.074240
0.007760 -0.122800 0.073840
-0.002480 -0.117840 0.072240
